0.000000000000000000e+00 2.081696561873932760e-01 5.025355289887234456e-02 6.216299902844413339e+01
1.000000000000000000e+00 1.294732856681836797e+00 1.165423267989212502e-01 3.158377422380872446e+01
2.000000000000000000e+00 1.596209214464350046e+00 9.961813131657107356e-02 2.916279097869267645e+00
3.000000000000000000e+00 2.573587806655546650e+00 6.321934131175778182e-01 6.611183089905819088e+01
4.000000000000000000e+00 3.013650503210392628e+00 8.245694900691150075e-02 8.663538060518506256e+01
5.000000000000000000e+00 3.424078447401126990e+00 3.306486715188468040e-01 1.172588746070480710e+02
6.000000000000000000e+00 4.232690610802145592e+00 4.507155803034810782e-01 4.440813296918597786e+01
7.000000000000000000e+00 4.932426023243648316e+00 1.486173749282198586e-01 1.771294504720083651e+01
8.000000000000000000e+00 5.355336479688572737e+00 1.473968002722560178e-01 3.342745497845734093e+01
9.000000000000000000e+00 6.023421484769087009e+00 2.032731917271033972e-01 7.198959186833391755e+01
1.000000000000000000e+01 6.839090021770834582e+00 9.831662447978564701e-02 5.971839799278824046e+01
1.100000000000000000e+01 7.860856476136835802e+00 2.785736034368755942e-01 5.913454835808559551e+01
1.200000000000000000e+01 8.469600958697034443e+00 8.025773652595780128e-02 7.517590979916769811e+01
1.300000000000000000e+01 9.073846682480576575e+00 1.910199283308832430e-01 7.126617313951111043e+01
1.400000000000000000e+01 9.850159019279338679e+00 2.908103472900929742e-01 6.189336889036040645e+01
1.500000000000000000e+01 2.975060717864069781e-01 9.169181670692982955e-01 3.609531077044628233e+01
1.600000000000000000e+01 8.810870978666054398e-01 8.327558030482204998e-01 3.382181325696884500e+01
1.700000000000000000e+01 1.479619785755855510e+00 1.080997809076124749e+00 3.653396696193940585e+01
1.800000000000000000e+01 2.255876603450984508e+00 9.303635547344235590e-01 6.004193404477636875e+01
1.900000000000000000e+01 3.169896829877364652e+00 6.947522037902764680e-01 3.933341025316303075e+01
2.000000000000000000e+01 3.445281430054789595e+00 1.199470541077191754e+00 2.642632294142640603e+01
2.100000000000000000e+01 4.422496292836100906e+00 1.252950974306456633e+00 2.960113193367366335e+01
2.200000000000000000e+01 4.996164367746027679e+00 1.238901277778313270e+00 6.551750800703004529e+01
2.300000000000000000e+01 5.623347324486521970e+00 9.701065899491316813e-01 3.693974801567012634e+01
2.400000000000000000e+01 6.652217411590664931e+00 1.177313736298006841e+00 2.741956910130878100e+01
2.500000000000000000e+01 6.892417549939955812e+00 1.058773990331590475e+00 8.387157241473470037e+01
2.600000000000000000e+01 7.553520715794069140e+00 1.331918756691015115e+00 1.138933897659866830e+02
2.700000000000000000e+01 8.476430467661613122e+00 1.267924597507046780e+00 9.113314922484286740e+01
2.800000000000000000e+01 8.897938439488243034e+00 1.068381055535704949e+00 1.199598017737642976e+02
2.900000000000000000e+01 9.598060488213276287e+00 8.924144751078880722e-01 1.946107830573328101e+01
3.000000000000000000e+01 3.479938827158843839e-01 1.852232977547641157e+00 6.872237462194269142e+01
3.100000000000000000e+01 9.563071263123213983e-01 1.350523844440636001e+00 4.136052762753935497e+01
3.200000000000000000e+01 1.829999472102622260e+00 1.696732076897705888e+00 1.198153377865589277e+02
3.300000000000000000e+01 2.395115984295973277e+00 1.787078254062754334e+00 1.072357954355837819e+02
3.400000000000000000e+01 2.780161826289180738e+00 1.423806703254016925e+00 7.776413833103201512e+01
3.500000000000000000e+01 3.475041455295882376e+00 1.779610401570597356e+00 5.904727055115608358e+00
3.600000000000000000e+01 4.254212383794275354e+00 1.514193588663316214e+00 1.015498655021385304e+02
3.700000000000000000e+01 5.225118047005294031e+00 1.581332323940308315e+00 2.432102670428646718e+01
3.800000000000000000e+01 5.797763769689049163e+00 1.564180897778163493e+00 9.886747924614937233e+01
3.900000000000000000e+01 6.094661070534973746e+00 1.690108536201670564e+00 8.543124083794870671e+01
4.000000000000000000e+01 7.303908772873172417e+00 1.901108411208183968e+00 5.903869139427544432e+00
4.100000000000000000e+01 7.649198884193312509e+00 1.984473228431670844e+00 9.911709326760605165e+01
4.200000000000000000e+01 8.451785951777083028e+00 1.856576867214007498e+00 3.946619147665440863e+01
4.300000000000000000e+01 8.899473192933154309e+00 1.641269786378477979e+00 5.048752306969171144e+01
4.400000000000000000e+01 9.463226987101107213e+00 1.848957651114375489e+00 4.054488628183599985e+01
4.500000000000000000e+01 4.467754300053972116e-03 2.605009003539628054e+00 2.998132202315623118e+01
4.600000000000000000e+01 1.159389066118694522e+00 2.496771192420257801e+00 2.317343208517259967e+01
4.700000000000000000e+01 1.758922895661618302e+00 2.043505612606244970e+00 2.551643496331882943e+01
4.800000000000000000e+01 2.364575682368290188e+00 2.080506277012673433e+00 4.711524091237727419e+01
4.900000000000000000e+01 3.197528640600896477e+00 2.183313726250499798e+00 8.450281067684956327e+01
5.000000000000000000e+01 3.759134126017609212e+00 2.159643236713051806e+00 3.105387567881020772e+01
5.100000000000000000e+01 4.587842162778084543e+00 2.081875298754744641e+00 5.831502848353879997e+00
5.200000000000000000e+01 4.797670089962797313e+00 2.461653239664788995e+00 4.307431581518188324e+01
5.300000000000000000e+01 5.736955174697285997e+00 2.024365558665066178e+00 8.381246526405972475e+01
5.400000000000000000e+01 6.376331846342904619e+00 2.098444452894228096e+00 2.949395302103812355e+01
5.500000000000000000e+01 6.839207853702971462e+00 2.420945646719750322e+00 2.587413610881355552e+01
5.600000000000000000e+01 7.833679063311297597e+00 2.219839861596950126e+00 1.029434300071817887e+02
5.700000000000000000e+01 8.118606926678827662e+00 2.211285880817268179e+00 8.777704420508092653e+01
5.800000000000000000e+01 9.077765314462091339e+00 2.411635592969076036e+00 5.809638540412677088e+01
5.900000000000000000e+01 9.764245377469841003e+00 2.522123445134702546e+00 8.793318546623616783e+01
6.000000000000000000e+01 5.360916578288839329e-02 3.080346287798951366e+00 4.522560579736245501e+01
6.100000000000000000e+01 8.738918328642762967e-01 3.247632320308880161e+00 6.995150698695520930e+01
6.200000000000000000e+01 1.580206955202858810e+00 3.330082464458635538e+00 2.884897122673326919e+01
6.300000000000000000e+01 2.353653226028452838e+00 3.200714697254789520e+00 1.086624145802787353e+02
6.400000000000000000e+01 3.056388468549373183e+00 2.744852697459941204e+00 1.193700386229935475e+02
6.500000000000000000e+01 3.938965709853991637e+00 3.019561563332516130e+00 6.696983785685112878e+01
6.600000000000000000e+01 4.659450628149143014e+00 3.026899454286310132e+00 1.137201517881419193e+02
6.700000000000000000e+01 5.290993560151378006e+00 3.172902700509550478e+00 9.477106694696597344e+01
6.800000000000000000e+01 5.639220319424828709e+00 3.277100916100714301e+00 3.247438973011760055e+01
6.900000000000000000e+01 6.458767418188434917e+00 3.233751976288279817e+00 5.128547883948409947e+01
7.000000000000000000e+01 7.314225322327184031e+00 2.731656077332621724e+00 2.184770064504560594e+01
7.100000000000000000e+01 7.458237984672724252e+00 2.897185124016561364e+00 1.758140348520270635e+01
7.200000000000000000e+01 8.620017183519209425e+00 2.875489297251359933e+00 6.997371983337362167e+01
7.300000000000000000e+01 9.300572654135004669e+00 3.154441843801701673e+00 5.000218898841141169e+01
7.400000000000000000e+01 9.464175191031273471e+00 2.886514128902052612e+00 6.641310068193585892e+01
7.500000000000000000e+01 6.420003652327356258e-01 3.653526828067128474e+00 4.606264019360186701e+00
7.600000000000000000e+01 9.746246387791659416e-01 3.607067326019657294e+00 5.582581437758452836e+01
7.700000000000000000e+01 1.419107171031382508e+00 3.607414072848207809e+00 8.521873048224952640e+01
7.800000000000000000e+01 2.135839452922383863e+00 3.446220621370077009e+00 9.985528591870841808e+01
7.900000000000000000e+01 3.060788880213590968e+00 3.373063470537966957e+00 9.577951431281181272e+01
8.000000000000000000e+01 3.960024198677684737e+00 3.672665224394812356e+00 7.575284680656174885e+01
8.100000000000000000e+01 4.017772392019571370e+00 3.711596394722839420e+00 6.159330819456508266e+01
8.200000000000000000e+01 5.087548355312809356e+00 3.837527413447541225e+00 1.100501131059197064e+02
8.300000000000000000e+01 5.747580477989838954e+00 3.404538728091580424e+00 1.032870827244585712e+02
8.400000000000000000e+01 6.471301307552261406e+00 3.849853443925620233e+00 1.010474490028040861e+02
8.500000000000000000e+01 7.312003199319176971e+00 3.626308676888619686e+00 7.895025080523612360e+01
8.600000000000000000e+01 7.564924698763851652e+00 3.792246171049287629e+00 1.003432212253445215e+02
8.700000000000000000e+01 8.260084398453232168e+00 3.512312240247364770e+00 2.598624527359968539e+01
8.800000000000000000e+01 8.676095011910661015e+00 3.776890421215176818e+00 2.951705204320158060e+01
8.900000000000000000e+01 9.993225534788734876e+00 3.782318120728161759e+00 7.318369958996617797e+00
9.000000000000000000e+01 2.839594205458604304e-01 4.481648677130428027e+00 9.827992800857148836e+01
9.100000000000000000e+01 1.146134163237088055e+00 4.573223395928000201e+00 5.143135573309893971e+01
9.200000000000000000e+01 1.631740925630911443e+00 4.033073243233140204e+00 1.303122444554205472e+01
9.300000000000000000e+01 2.515517722429097880e+00 4.464687403203893901e+00 1.165595215519295209e+02
9.400000000000000000e+01 2.667256544335555812e+00 4.146613184156414000e+00 5.044282257205047415e+01
9.500000000000000000e+01 3.365347720101863338e+00 4.512123427187010094e+00 8.381695125554630010e+01
9.600000000000000000e+01 4.547252967935124346e+00 4.595093859628253341e+00 5.801180789972405449e+01
9.700000000000000000e+01 5.076727749120549582e+00 4.429076091237329926e+00 1.187031001481097974e+02
9.800000000000000000e+01 5.713086300549083063e+00 4.180669719023544673e+00 1.439561754810717886e+01
9.900000000000000000e+01 6.238923212790504991e+00 4.578104025843425795e+00 1.133228480478387752e+02
1.000000000000000000e+02 7.046465157579811844e+00 4.267433897230152873e+00 6.124007948532382528e+01
1.010000000000000000e+02 7.593706843750643642e+00 4.333100370236227405e+00 2.644623156369880945e+01
1.020000000000000000e+02 8.151599202589945747e+00 4.486204718094569444e+00 6.409504488268628108e+01
1.030000000000000000e+02 8.917516929606259524e+00 4.330323313209063052e+00 9.198214356952155413e+01
1.040000000000000000e+02 9.620233247515910691e+00 4.317031018890184590e+00 7.919350479211146876e+01
1.050000000000000000e+02 4.070231580330647692e-01 5.189497954204323804e+00 6.762642964789732503e+01
1.060000000000000000e+02 9.261954395553955166e-01 5.150850167793763923e+00 1.183886741599363290e+02
1.070000000000000000e+02 1.766461900140046781e+00 4.957804659950193482e+00 2.386178624912624713e+01
1.080000000000000000e+02 2.396311741959941788e+00 4.902311873580908141e+00 7.717103982294362652e+01
1.090000000000000000e+02 3.030836496320122198e+00 5.099363186394464620e+00 1.692892007897759399e+01
1.100000000000000000e+02 3.419406637539008198e+00 4.827894840066010218e+00 9.077999036182092141e+01
1.110000000000000000e+02 4.095123007201421750e+00 4.735009778425691707e+00 5.822712054816409477e+01
1.120000000000000000e+02 4.874574277426203750e+00 4.905807061522992285e+00 7.657402036796921152e+01
1.130000000000000000e+02 5.911755073679326955e+00 4.840462270684778190e+00 7.358949547702638938e+01
1.140000000000000000e+02 6.374619008597806946e+00 4.699421968066189947e+00 5.366434903142705792e+01
1.150000000000000000e+02 6.918561622382728871e+00 5.280357112954233045e+00 3.278944989428809720e+01
1.160000000000000000e+02 7.962679513930599029e+00 4.901489507574983584e+00 5.556710636453723318e+00
1.170000000000000000e+02 8.342608800886280207e+00 4.801646047355815128e+00 9.493874403267251694e+01
1.180000000000000000e+02 8.731521049841928672e+00 5.303305863045815194e+00 2.895038039091308235e+01
1.190000000000000000e+02 9.909260355258806996e+00 5.217606429395575951e+00 1.039243775830612861e+02
1.200000000000000000e+02 2.959385153667049018e-01 5.510982694913647784e+00 3.585416454415215526e+01
1.210000000000000000e+02 1.096607278609275093e+00 5.713333916278419800e+00 8.193538021662143933e+01
1.220000000000000000e+02 1.349225072734869357e+00 5.645642975156438759e+00 6.596206545905879182e+01
1.230000000000000000e+02 2.130218664503663817e+00 5.375734449170864515e+00 5.505762127900611347e+01
1.240000000000000000e+02 2.834925508229876101e+00 5.444227000477996015e+00 6.820431597891818853e+01
1.250000000000000000e+02 3.857327289647212609e+00 5.537988759119016891e+00 8.089970161363697798e+01
1.260000000000000000e+02 4.220751705188632741e+00 5.630077296526951436e+00 1.917721009797883980e+01
1.270000000000000000e+02 5.003776534240772733e+00 5.989897813441300123e+00 1.608294376537286752e+01
1.280000000000000000e+02 5.872428978785339204e+00 5.894836129534882119e+00 1.964294469962124623e+01
1.290000000000000000e+02 6.196064214217498645e+00 5.674687421867794512e+00 6.227779522257715428e+01
1.300000000000000000e+02 6.990173687147895443e+00 5.457610342110010393e+00 7.307486184879816449e+01
1.310000000000000000e+02 7.880406262668921080e+00 5.985874838848781465e+00 3.149914082973003815e+01
1.320000000000000000e+02 8.220452167316423697e+00 5.471343125105173399e+00 9.543036102275493704e+01
1.330000000000000000e+02 8.907144305133568807e+00 5.521445739909390582e+00 3.181543547379252601e+01
1.340000000000000000e+02 9.786012920850195584e+00 5.851974730910942668e+00 1.023743455238394944e+02
1.350000000000000000e+02 3.723964685524551177e-01 6.331802911735893602e+00 4.934203829573882416e+01
1.360000000000000000e+02 1.219665137355021134e+00 6.637812877359212216e+00 4.087143318896128363e+01
1.370000000000000000e+02 1.734644659829977620e+00 6.563395453469894392e+00 8.112390844657512901e+01
1.380000000000000000e+02 2.013984236827019547e+00 6.656829269679475303e+00 2.799218550026487762e+01
1.390000000000000000e+02 3.232700428744731624e+00 6.141890540814801014e+00 8.942068609485752972e+01
1.400000000000000000e+02 3.781280869352027896e+00 6.397277598678996924e+00 5.061228910228814470e+01
1.410000000000000000e+02 4.404132753719871118e+00 6.382296956550545630e+00 7.379136792264394273e+01
1.420000000000000000e+02 4.945690385047356585e+00 6.480232085988967050e+00 4.180140537295853420e+01
1.430000000000000000e+02 5.660498326005155789e+00 6.456154075374312740e+00 9.263491752456783956e+01
1.440000000000000000e+02 6.170526260471524971e+00 6.310747609145270332e+00 9.087838512003980895e+01
1.450000000000000000e+02 6.973184911921298301e+00 6.153583050568477653e+00 6.316079262980868236e+01
1.460000000000000000e+02 7.622951644508528801e+00 6.437151416344427446e+00 2.795571440041439004e+01
1.470000000000000000e+02 8.560295883202158507e+00 6.247704839425011869e+00 5.628638508514503513e+01
1.480000000000000000e+02 9.208232263133044881e+00 6.197108669495077216e+00 1.016716017020136036e+02
1.490000000000000000e+02 9.960835710116509034e+00 6.240072185664153004e+00 1.305255826861684199e+01
1.500000000000000000e+02 3.308170237244956180e-01 6.697754351556336694e+00 2.544433328505279235e+01
1.510000000000000000e+02 1.309751876859062580e+00 7.086257791884616353e+00 1.163317988425266805e+02
1.520000000000000000e+02 1.888151894895065519e+00 6.921672354526912763e+00 2.674105218886744595e+01
1.530000000000000000e+02 2.214439958859340418e+00 7.290289490531183247e+00 4.344029211864845763e+01
1.540000000000000000e+02 2.818436078253292454e+00 7.226264956508555493e+00 1.109663578260466750e+02
1.550000000000000000e+02 3.494768258250418480e+00 6.952914967481722996e+00 2.173428814201096060e+01
1.560000000000000000e+02 4.382295874941492642e+00 7.269217438335141779e+00 1.121700625158854052e+02
1.570000000000000000e+02 5.319355430440479537e+00 7.034266242701040284e+00 5.906652122849735953e+00
1.580000000000000000e+02 5.585634612438887814e+00 7.079089075032243272e+00 5.772864462380771755e+01
1.590000000000000000e+02 6.090109090287906035e+00 7.201204587421486281e+00 6.108323874495442674e+00
1.600000000000000000e+02 7.144582792998072307e+00 7.194487651983856757e+00 1.914699535521973672e+01
1.610000000000000000e+02 7.397244429497927598e+00 7.266855137598887460e+00 6.622242740051244425e+01
1.620000000000000000e+02 8.295018860875082112e+00 6.809377569968561694e+00 9.883656564879183293e+01
1.630000000000000000e+02 9.010056231351093459e+00 7.151184832180793371e+00 9.435594894028930923e+01
1.640000000000000000e+02 9.993110515187424880e+00 6.924935588357532978e+00 8.046842091836093402e+01
1.650000000000000000e+02 2.744961180403993062e-02 7.368226200697653994e+00 1.172558536793269184e+02
1.660000000000000000e+02 8.112832611572992070e-01 7.847923147057533022e+00 1.081490063030259847e+02
1.670000000000000000e+02 1.909165811061880769e+00 7.803320139981456904e+00 1.361040773828443662e+01
1.680000000000000000e+02 2.263661904257442181e+00 7.500011401060610261e+00 8.689632888092417318e+01
1.690000000000000000e+02 3.330397840636022622e+00 7.649980383950066631e+00 9.464130993450929452e+01
1.700000000000000000e+02 3.577107567107339126e+00 7.838916109019224088e+00 1.049057270365752856e+02
1.710000000000000000e+02 4.051713088278532382e+00 7.826001701219155393e+00 2.417584156137415619e+00
1.720000000000000000e+02 5.126577428105527190e+00 7.732283658654550251e+00 9.987884624163245917e+01
1.730000000000000000e+02 5.589457035973291354e+00 7.474030858850786885e+00 5.838573355460765413e+01
1.740000000000000000e+02 6.042792147210497511e+00 7.830234766449274630e+00 9.734417507850812967e+01
1.750000000000000000e+02 6.831933217712085948e+00 7.368758056677972235e+00 5.411549369112575647e+01
1.760000000000000000e+02 7.935435666104231345e+00 7.718295610190303080e+00 1.133230736703184363e+02
1.770000000000000000e+02 8.429403011134688484e+00 7.634747132208437037e+00 1.179855184716465146e+02
1.780000000000000000e+02 8.827619471591438227e+00 7.397504601516964762e+00 7.734763031552937207e+01
1.790000000000000000e+02 9.730437367283167660e+00 7.463657906853729429e+00 9.693171021524653952e+01
1.800000000000000000e+02 4.401329799099492068e-01 8.616774857827605771e+00 6.423907407122317181e+01
1.810000000000000000e+02 8.188899485494475217e-01 8.169108703915579639e+00 7.048958612148680913e+01
1.820000000000000000e+02 1.923900014773668454e+00 8.204573518550679623e+00 8.141029295574162461e+01
1.830000000000000000e+02 2.391261339944972697e+00 8.633936788213912195e+00 7.778700326530736220e+01
1.840000000000000000e+02 3.251371835111645847e+00 8.137075530228383258e+00 4.295262151065837486e+01
1.850000000000000000e+02 3.798549313972968910e+00 8.328363302206778229e+00 6.733333365007423765e+01
1.860000000000000000e+02 4.620784730722009570e+00 8.228627862735194753e+00 3.047110418948338406e+01
1.870000000000000000e+02 5.002475451757042890e+00 8.611171547800768877e+00 3.673370529188660072e+01
1.880000000000000000e+02 5.712343713197073569e+00 8.528191322927609619e+00 7.187858639841402919e+01
1.890000000000000000e+02 6.570491609966082613e+00 8.402431676926248372e+00 8.702908482670167700e+01
1.900000000000000000e+02 7.254238146076436244e+00 8.457172240275763642e+00 1.014533581692055719e+02
1.910000000000000000e+02 7.930202128621675506e+00 8.330682238133366724e+00 6.528660048508444902e+01
1.920000000000000000e+02 8.563388649065622360e+00 8.416594952990150702e+00 6.774505144876503948e+01
1.930000000000000000e+02 9.055619541326358046e+00 8.174819858821621210e+00 2.958736361568952944e+01
1.940000000000000000e+02 9.966705389193080578e+00 8.564554360838286584e+00 1.070503059291292516e+02
1.950000000000000000e+02 3.107425671869009087e-01 9.027812363375888438e+00 3.682049298699607220e+01
1.960000000000000000e+02 8.490931034772499775e-01 8.961323415102253165e+00 1.105358994456140778e+02
1.970000000000000000e+02 1.401829614523226741e+00 8.752412037094471131e+00 2.309208095451754517e+01
1.980000000000000000e+02 2.205594371872281467e+00 8.982156349557021358e+00 3.711481455877081004e+01
1.990000000000000000e+02 3.219314052196653009e+00 9.293641618343603028e+00 4.498768041539259599e+01
2.000000000000000000e+02 3.723332569653299728e+00 8.980166308045033574e+00 2.535983787152417435e+01
2.010000000000000000e+02 4.622208033929629423e+00 8.850065680359525899e+00 4.051239231976420996e+01
2.020000000000000000e+02 5.205722622535959410e+00 8.742798308124250184e+00 4.239901739778935763e+01
2.030000000000000000e+02 5.835981369616543901e+00 9.191338704961205863e+00 4.598904664362426331e+01
2.040000000000000000e+02 6.523990186890866738e+00 9.187497316603579378e+00 8.630436302823871131e+01
2.050000000000000000e+02 6.838331307305111295e+00 9.212930722967508146e+00 1.006586241985574759e+02
2.060000000000000000e+02 7.580716102059280814e+00 9.063890283636665046e+00 1.183905501203651198e+02
2.070000000000000000e+02 8.472988362684301222e+00 9.240180479245147183e+00 2.663087430436000247e+01
2.080000000000000000e+02 8.948237777129682158e+00 9.255214613748226071e+00 9.910275009992686179e+00
2.090000000000000000e+02 9.336507873443986583e+00 8.755955354037572747e+00 1.136511909419510999e+02
2.100000000000000000e+02 4.218490402949357509e-01 9.580583159357518142e+00 4.692420040012299154e+01
2.110000000000000000e+02 8.418476752213884806e-01 9.533422511979361857e+00 9.815579340278354437e+00
2.120000000000000000e+02 1.598928121753923071e+00 9.760247842986153444e+00 9.033077022215344698e+01
2.130000000000000000e+02 2.617523495783263154e+00 9.968985171185877903e+00 2.791712346864481020e+01
2.140000000000000000e+02 3.047372633436595812e+00 9.755539998282696246e+00 7.516161507411393927e+01
2.150000000000000000e+02 3.974410149520566815e+00 9.876084461746984289e+00 1.008185453003583518e+02
2.160000000000000000e+02 4.426692745785276273e+00 9.467279817170906497e+00 5.136788188022814694e+01
2.170000000000000000e+02 5.038312523235774165e+00 9.955596780735842088e+00 5.179294227509460313e+01
2.180000000000000000e+02 5.416961054709271473e+00 9.911576779520022029e+00 8.051470928521871073e+00
2.190000000000000000e+02 6.120264141673669833e+00 9.804256890663115342e+00 1.368332108015798632e+01
2.200000000000000000e+02 6.960352676476203371e+00 9.433335952110132538e+00 1.033924147296265943e+02
2.210000000000000000e+02 7.731074537652730783e+00 9.936699052072052396e+00 7.095761551275961665e+01
2.220000000000000000e+02 8.095394455628477814e+00 9.538747052916010105e+00 1.025091677798434944e+02
2.230000000000000000e+02 8.969375877790028539e+00 9.686376731154279440e+00 1.321456718562896704e+00
2.240000000000000000e+02 9.815015696087971975e+00 9.380061047036429400e+00 1.053250621082719078e+02
2.250000000000000000e+02 3.737531519636514421e-01 5.524318907845859883e-01 1.376241163743133313e+02
2.260000000000000000e+02 1.120918134120931997e+00 1.793648780802104548e-01 1.551179480958115278e+02
2.270000000000000000e+02 1.837661067027565487e+00 5.466276909980397752e-02 2.382095876590457522e+02
2.280000000000000000e+02 2.485641174816718202e+00 2.695797022341844262e-01 1.634586878482550105e+02
2.290000000000000000e+02 2.954317543939546375e+00 6.623527496454173491e-01 2.229011128429131645e+02
2.300000000000000000e+02 3.799298141711966004e+00 5.092493259254138316e-02 1.820024542141780159e+02
2.310000000000000000e+02 4.510851965603420943e+00 4.411588014918684797e-01 1.305467083471472165e+02
2.320000000000000000e+02 4.788058508087739362e+00 3.533166479996423526e-01 1.560905829139746857e+02
2.330000000000000000e+02 5.519969891091818681e+00 3.416162940563090555e-01 1.223465940469863256e+02
2.340000000000000000e+02 6.481350698791073839e+00 5.195018947785187136e-01 2.201606070325415203e+02
2.350000000000000000e+02 6.716359335349127768e+00 5.264985966272332091e-02 1.947858643455908521e+02
2.360000000000000000e+02 7.469789332363742318e+00 3.758473737642713530e-01 1.927868994343439226e+02
2.370000000000000000e+02 8.452628661395134912e+00 7.720626858180260066e-02 2.221460674075593431e+02
2.380000000000000000e+02 9.154912695038733617e+00 2.009948886754998887e-01 1.443917154491045380e+02
2.390000000000000000e+02 9.577222661120229574e+00 5.687591019014530680e-01 1.473082623271878049e+02
2.400000000000000000e+02 1.847242184645697949e-01 1.208762430313705227e+00 1.963934980502385770e+02
2.410000000000000000e+02 7.248543372065756607e-01 1.096658522389555745e+00 2.344025702422729864e+02
2.420000000000000000e+02 1.835833552497416754e+00 1.104781525200918546e+00 1.894954746671033377e+02
2.430000000000000000e+02 2.662289872772157562e+00 1.084048704766197080e+00 1.753342442628082551e+02
2.440000000000000000e+02 3.218970477243188189e+00 1.232427555302713529e+00 1.974405174979560513e+02
2.450000000000000000e+02 3.997174022321924092e+00 1.046187099299611178e+00 2.178161742134576571e+02
2.460000000000000000e+02 4.390802475535633853e+00 1.218577789937624667e+00 1.681504683256264912e+02
2.470000000000000000e+02 4.856761315231338472e+00 1.053878693058581728e+00 1.987637329694207438e+02
2.480000000000000000e+02 5.709461851548114808e+00 1.114929420458545817e+00 1.329543765031716873e+02
2.490000000000000000e+02 6.617841094854686190e+00 7.214859377506679383e-01 1.884813011832708014e+02
2.500000000000000000e+02 7.279161569103506757e+00 1.206620496474790416e+00 1.845110576634345421e+02
2.510000000000000000e+02 7.759175525768126747e+00 7.577951734465566691e-01 1.309240820142586585e+02
2.520000000000000000e+02 8.542054555302524221e+00 1.128056515424597395e+00 2.190700546438241645e+02
2.530000000000000000e+02 8.978756714907271785e+00 8.773752717394492917e-01 2.362629263443043328e+02
2.540000000000000000e+02 9.474321496897797346e+00 1.102101415846754584e+00 2.313684647801482015e+02
2.550000000000000000e+02 3.404454190160011162e-01 1.363414340241629885e+00 1.247079284220319408e+02
2.560000000000000000e+02 1.214795471958586282e+00 1.560253792357236380e+00 1.443283087858870317e+02
2.570000000000000000e+02 1.787332652720586168e+00 1.914707260975902159e+00 2.063169611379752268e+02
2.580000000000000000e+02 2.447838570473590103e+00 1.529076500473449673e+00 2.166346235746054276e+02
2.590000000000000000e+02 2.722902270533536839e+00 1.419486766964079827e+00 1.846896209837150877e+02
2.600000000000000000e+02 3.569424529966192861e+00 1.411031790402947239e+00 1.247043559461476150e+02
2.610000000000000000e+02 4.253212995549633391e+00 1.409040818455523647e+00 1.275565073232080664e+02
2.620000000000000000e+02 5.304663008222917142e+00 1.371597318521088349e+00 1.667740847132419901e+02
2.630000000000000000e+02 5.874326760385262247e+00 1.404332981700487482e+00 1.559707997952428116e+02
2.640000000000000000e+02 6.171325676853213871e+00 1.654231603437884113e+00 1.338812620738880810e+02
2.650000000000000000e+02 7.319598766865089701e+00 1.529119991137024570e+00 1.498477525256220417e+02
2.660000000000000000e+02 7.405399580731173437e+00 1.814683529154746733e+00 1.599632458217966189e+02
2.670000000000000000e+02 8.651559081601376988e+00 1.787729559004219038e+00 1.245246830744232795e+02
2.680000000000000000e+02 8.911100700585953049e+00 1.962717500661625980e+00 1.745496983704236129e+02
2.690000000000000000e+02 9.839606988009709454e+00 1.854270152177197595e+00 1.308825126467011728e+02
2.700000000000000000e+02 3.239668855976192696e-01 2.359002484046767822e+00 1.906928990442669942e+02
2.710000000000000000e+02 1.022501666476058890e+00 2.513430895906000995e+00 1.758808040652316436e+02
2.720000000000000000e+02 1.972410438547632427e+00 2.272912350453584196e+00 1.732429176782307252e+02
2.730000000000000000e+02 2.041364081602183855e+00 2.048710030992070941e+00 1.821907379253218267e+02
2.740000000000000000e+02 2.998723269497698407e+00 2.055958299050471005e+00 1.967709393459649050e+02
2.750000000000000000e+02 3.793075813722698086e+00 2.188431319589322133e+00 1.617748560630670625e+02
2.760000000000000000e+02 4.071041086762267724e+00 2.216870504715096946e+00 1.876404219288208424e+02
2.770000000000000000e+02 4.907563152531293937e+00 2.294223815400791899e+00 1.836337104553330732e+02
2.780000000000000000e+02 5.757430179766394929e+00 2.391442855900672626e+00 1.940932564150537587e+02
2.790000000000000000e+02 6.653510024594151417e+00 2.402320343605054642e+00 1.376775111876814321e+02
2.800000000000000000e+02 6.930322891034671251e+00 2.169692335556221874e+00 1.775252755249199197e+02
2.810000000000000000e+02 7.874689314067981449e+00 2.395395493998476955e+00 2.303005426193313383e+02
2.820000000000000000e+02 8.567799979946338240e+00 2.645591950556639649e+00 2.149182081635530608e+02
2.830000000000000000e+02 9.171776676571861131e+00 2.418676425509281636e+00 1.736211584626592241e+02
2.840000000000000000e+02 9.507652600983954372e+00 2.416925028477135751e+00 1.689008324092032183e+02
2.850000000000000000e+02 2.185302301278115034e-01 2.908285234191887447e+00 1.702500185752292623e+02
2.860000000000000000e+02 1.279838322577152798e+00 3.060782268520952698e+00 1.672803214065570216e+02
2.870000000000000000e+02 1.459332810192753627e+00 3.160970030822959131e+00 1.923600089051028590e+02
2.880000000000000000e+02 2.245125617788273242e+00 3.293589106673035616e+00 1.228495855718233827e+02
2.890000000000000000e+02 3.095371206238694217e+00 3.189904488046852116e+00 1.724607334467814610e+02
2.900000000000000000e+02 3.466408930322683268e+00 3.251603015370419847e+00 1.236550010396640999e+02
2.910000000000000000e+02 4.146519576763832760e+00 2.802430531678234527e+00 1.565702245856647608e+02
2.920000000000000000e+02 4.881704764268998353e+00 3.173768253766423353e+00 2.133311343959986175e+02
2.930000000000000000e+02 5.684743511284233719e+00 2.673639252178933834e+00 2.365343650710019006e+02
2.940000000000000000e+02 6.586717883071301571e+00 3.139675856116513675e+00 1.979919227405663946e+02
2.950000000000000000e+02 7.312575273281314736e+00 2.984640321673428964e+00 1.613663330533839826e+02
2.960000000000000000e+02 7.751857156736043031e+00 2.954633865268709414e+00 1.988273762463373373e+02
2.970000000000000000e+02 8.427335903643648152e+00 2.977378771788850464e+00 1.606214112647142258e+02
2.980000000000000000e+02 8.824890382813201484e+00 3.327262370766395971e+00 1.409090812550967939e+02
2.990000000000000000e+02 9.770578306819118097e+00 3.180894900608699949e+00 1.240892677443286232e+02
3.000000000000000000e+02 3.318309757346402655e-01 3.409389670067506373e+00 2.366858509672704827e+02
3.010000000000000000e+02 7.388054431830068935e-01 3.346860740158091652e+00 2.203916909237226207e+02
3.020000000000000000e+02 1.865678084142082582e+00 3.481224827518185627e+00 1.483787037316733972e+02
3.030000000000000000e+02 2.384473257106968003e+00 3.514076838069071229e+00 2.215348362920464638e+02
3.040000000000000000e+02 2.819184248607272014e+00 3.954333843077940003e+00 1.680381061642188172e+02
3.050000000000000000e+02 3.371395147234792944e+00 3.884784545332551797e+00 1.754784193234632426e+02
3.060000000000000000e+02 4.446690951501947708e+00 3.901093125680778595e+00 1.728100974933866496e+02
3.070000000000000000e+02 5.069440091343271781e+00 3.734846846611046711e+00 1.310851176649160266e+02
3.080000000000000000e+02 5.351179185932410043e+00 3.823368169116593940e+00 2.264361800028169114e+02
3.090000000000000000e+02 6.369142166172186315e+00 3.740591336794039545e+00 1.338534432355071431e+02
3.100000000000000000e+02 7.171293713364418565e+00 3.810893825481054709e+00 1.934402250189951928e+02
3.110000000000000000e+02 7.403738031711696976e+00 3.643442908631707500e+00 1.586543231345422953e+02
3.120000000000000000e+02 8.521494894840731860e+00 3.956432505673438627e+00 1.889752320376875616e+02
3.130000000000000000e+02 9.111631902406095662e+00 3.613199060948373287e+00 1.348464945888182740e+02
3.140000000000000000e+02 9.574591869489914586e+00 3.517982059592555277e+00 2.034478498583885369e+02
3.150000000000000000e+02 3.745016247623185746e-01 4.631965090150510278e+00 2.039807982123733154e+02
3.160000000000000000e+02 1.241233370535355540e+00 4.550844016890015276e+00 2.328456296709656783e+02
3.170000000000000000e+02 1.400539387001231040e+00 4.126226911171111844e+00 2.182957547040148825e+02
3.180000000000000000e+02 2.166393525545867504e+00 4.077503757682348073e+00 1.241324347937955110e+02
3.190000000000000000e+02 3.256720134483832130e+00 4.314301360657272433e+00 2.204794283808624016e+02
3.200000000000000000e+02 3.608980780329932969e+00 4.215469593220854350e+00 2.157205533844385172e+02
3.210000000000000000e+02 4.070282515229623144e+00 4.535822057284226716e+00 1.415297003039450772e+02
3.220000000000000000e+02 5.277909099499456858e+00 4.218187602996154695e+00 2.127746321769798783e+02
3.230000000000000000e+02 5.493954350933898390e+00 4.071682260673934017e+00 1.648810198327824423e+02
3.240000000000000000e+02 6.623871300511518179e+00 4.488666405528791259e+00 2.214075253760069586e+02
3.250000000000000000e+02 7.053142194367064022e+00 4.015589332803896738e+00 1.769809778054172114e+02
3.260000000000000000e+02 7.859706934911669052e+00 4.234962530758664911e+00 2.117417410307080559e+02
3.270000000000000000e+02 8.475314325237665258e+00 4.054253043691693925e+00 2.397295144604390202e+02
3.280000000000000000e+02 8.709086497330158494e+00 4.400205052853522147e+00 1.768047502938968023e+02
3.290000000000000000e+02 9.350502988490244860e+00 4.276667255687211622e+00 1.545494383306316024e+02
3.300000000000000000e+02 4.335190362518033802e-01 5.224677473459522936e+00 1.464119278115027214e+02
3.310000000000000000e+02 1.067064843635123994e+00 5.070304281656739853e+00 1.898021301564589294e+02
3.320000000000000000e+02 1.872125867454413228e+00 4.908489599628926392e+00 1.521656921868389816e+02
3.330000000000000000e+02 2.477403398622820330e+00 5.042137664064169300e+00 1.871352188795051745e+02
3.340000000000000000e+02 2.707616700955938427e+00 4.828194468568874242e+00 2.208730806100797679e+02
3.350000000000000000e+02 3.735405385595675476e+00 4.703324728926733478e+00 1.598763093411162686e+02
3.360000000000000000e+02 4.646694718494620346e+00 4.927188963808746713e+00 1.216688719080330827e+02
3.370000000000000000e+02 4.811415123526892046e+00 5.189502604080032278e+00 2.088689695105007331e+02
3.380000000000000000e+02 5.595477526800986645e+00 4.780063028726971197e+00 2.244872174532002305e+02
3.390000000000000000e+02 6.592311580399764281e+00 5.147509147774356641e+00 1.668284609138667349e+02
3.400000000000000000e+02 7.102380872785730936e+00 4.870654725242306249e+00 2.065782905773736218e+02
3.410000000000000000e+02 7.366251077314050377e+00 4.864132240981168920e+00 2.219852873875051671e+02
3.420000000000000000e+02 8.666260854986585827e+00 5.288665991257269994e+00 1.909209358690215765e+02
3.430000000000000000e+02 9.087220376143726241e+00 4.891173964375873595e+00 1.764994594848464544e+02
3.440000000000000000e+02 9.651509588916534099e+00 5.311647965342269018e+00 1.913844160030417925e+02
3.450000000000000000e+02 2.229856601611339695e-01 5.606234968898465176e+00 2.088735310041750211e+02
3.460000000000000000e+02 1.235056440842669634e+00 5.987267011201713451e+00 2.051799518385003012e+02
3.470000000000000000e+02 1.817312180881822892e+00 5.908407056750223596e+00 1.691131204583980150e+02
3.480000000000000000e+02 2.116918572813654364e+00 5.514489052476189812e+00 2.219703250584837519e+02
3.490000000000000000e+02 3.258669816481900572e+00 5.517361377222288255e+00 1.693987953057296920e+02
3.500000000000000000e+02 3.668880267514302851e+00 5.375294064404735117e+00 1.603492924146272856e+02
3.510000000000000000e+02 4.561077784092092635e+00 5.558086712123935236e+00 2.373184499717322069e+02
3.520000000000000000e+02 5.276748012508965857e+00 5.583251189733790198e+00 1.531563693596991698e+02
3.530000000000000000e+02 5.976181127033582285e+00 5.601536844460021314e+00 1.219194212535905848e+02
3.540000000000000000e+02 6.293184955697065597e+00 5.435912444717749814e+00 1.379630348110169962e+02
3.550000000000000000e+02 7.054115908107285726e+00 5.607206672281621174e+00 1.378865014710460741e+02
3.560000000000000000e+02 7.557588530484422584e+00 5.814028071235210149e+00 1.693116724362831178e+02
3.570000000000000000e+02 8.217172542135342539e+00 5.658321235823247974e+00 2.275127335075090969e+02
3.580000000000000000e+02 8.896678562652041933e+00 5.710818432993690408e+00 1.270908024674398007e+02
3.590000000000000000e+02 9.989402798005091455e+00 5.488422927132106111e+00 2.087396454167753177e+02
3.600000000000000000e+02 8.931292907341692455e-02 6.606462343651478442e+00 1.407962199206188529e+02
3.610000000000000000e+02 1.193423246044651220e+00 6.022603011419358943e+00 1.237334582771775757e+02
3.620000000000000000e+02 1.557013280080512319e+00 6.099068176365009641e+00 2.291629034310477095e+02
3.630000000000000000e+02 2.563705319658327042e+00 6.552376142081989485e+00 1.993397658849835352e+02
3.640000000000000000e+02 3.087672337553615698e+00 6.296251752168494420e+00 1.529924901522409755e+02
3.650000000000000000e+02 3.761095224997223596e+00 6.378736664714093507e+00 1.811408983148846232e+02
3.660000000000000000e+02 4.305386015112806497e+00 6.077380472411969770e+00 2.389163219315424840e+02
3.670000000000000000e+02 5.053731588937476538e+00 6.201516889595447779e+00 1.906940642822341943e+02
3.680000000000000000e+02 5.760049876584176332e+00 6.640377061791814306e+00 1.818620869653736349e+02
3.690000000000000000e+02 6.331179675207344815e+00 6.307636706224140077e+00 1.665450105018537670e+02
3.700000000000000000e+02 6.951595490305304104e+00 6.249834207925621499e+00 1.513841235290470877e+02
3.710000000000000000e+02 7.367543161026484100e+00 6.368764280465177841e+00 2.083669628627602037e+02
3.720000000000000000e+02 8.050832818965247384e+00 6.469888330158815926e+00 1.336112999349915640e+02
3.730000000000000000e+02 8.735480214838867496e+00 6.306663306043597927e+00 1.486426867276153700e+02
3.740000000000000000e+02 9.737397590625754162e+00 6.033669738426880258e+00 1.315368639484823916e+02
3.750000000000000000e+02 6.050153206196606792e-01 7.142523325520920174e+00 1.518581453393906600e+02
3.760000000000000000e+02 1.114826393377476244e+00 7.215500093577896124e+00 1.801684903173396890e+02
3.770000000000000000e+02 1.794645300253872477e+00 6.753849513719203834e+00 1.662860486821110158e+02
3.780000000000000000e+02 2.352407100247278393e+00 7.315226514004878666e+00 1.619148018257745321e+02
3.790000000000000000e+02 2.901839098445715415e+00 6.947505163187576827e+00 2.002081554159206007e+02
3.800000000000000000e+02 3.503293566973635365e+00 6.900401877117036342e+00 1.574834628573382531e+02
3.810000000000000000e+02 4.502994551258810318e+00 7.195068825622707998e+00 2.215045400855468642e+02
3.820000000000000000e+02 5.031285289807733818e+00 6.970798286776065389e+00 2.352774636762871125e+02
3.830000000000000000e+02 5.680326234928252838e+00 7.231675482470956595e+00 1.712596675053475792e+02
3.840000000000000000e+02 6.283191914356814678e+00 6.781075731006640517e+00 1.338596801398975344e+02
3.850000000000000000e+02 6.936236724070448112e+00 6.743249839743984175e+00 1.551244150936413462e+02
3.860000000000000000e+02 7.402267031393006569e+00 7.166085487273586629e+00 1.929902761283271388e+02
3.870000000000000000e+02 8.006072994974070767e+00 7.324770316668725911e+00 1.708811200247324678e+02
3.880000000000000000e+02 9.234908994241159519e+00 6.935588251623181932e+00 1.925476421099716049e+02
3.890000000000000000e+02 9.581294177193782957e+00 7.000526169527565123e+00 2.238589530300614001e+02
3.900000000000000000e+02 4.298968443277169094e-01 7.612752511435346925e+00 1.369720558163559474e+02
3.910000000000000000e+02 1.286519263444573014e+00 7.620015200228832164e+00 2.332910120072917266e+02
3.920000000000000000e+02 1.970652456221937854e+00 7.744177503624519510e+00 1.470949436497623708e+02
3.930000000000000000e+02 2.546763615285171589e+00 7.496616338208311525e+00 2.110080996721669635e+02
3.940000000000000000e+02 2.776741197558376228e+00 7.950012291659588115e+00 1.400191045178494562e+02
3.950000000000000000e+02 3.345946902117345356e+00 7.426446410000137277e+00 2.058529915973632001e+02
3.960000000000000000e+02 4.289238545385010148e+00 7.706715988225562697e+00 1.849814150906795476e+02
3.970000000000000000e+02 4.716361548003472848e+00 7.463314621865377418e+00 2.211459757166725808e+02
3.980000000000000000e+02 5.531719091177445868e+00 7.433301256366255494e+00 1.677448318395607032e+02
3.990000000000000000e+02 6.090252668368322020e+00 7.479112874109794973e+00 2.212069568456015247e+02
4.000000000000000000e+02 7.105962347934074330e+00 7.837936167595199066e+00 1.696899797069382885e+02
4.010000000000000000e+02 7.840296849906479792e+00 7.794288698153237327e+00 1.750106986871763297e+02
4.020000000000000000e+02 8.588535449929288745e+00 7.891199455226463044e+00 2.358681837524877665e+02
4.030000000000000000e+02 8.881048048724823119e+00 7.953744731287020642e+00 1.409004467245140688e+02
4.040000000000000000e+02 9.856763917889232118e+00 7.932757070915927855e+00 1.777812136434338015e+02
4.050000000000000000e+02 2.245238116743131784e-01 8.049053924498670298e+00 2.184990335634093981e+02
4.060000000000000000e+02 9.154141442902482551e-01 8.469758569667813930e+00 1.706009390449692376e+02
4.070000000000000000e+02 1.564496725095944951e+00 8.449342188685740496e+00 1.524253801642877022e+02
4.080000000000000000e+02 2.450003781337501074e+00 8.327716847770645359e+00 1.780909209952465062e+02
4.090000000000000000e+02 2.996589461876285387e+00 8.245976069225314120e+00 1.372464482499366625e+02
4.100000000000000000e+02 3.982886973149725396e+00 8.249070080342461253e+00 2.354260420884313021e+02
4.110000000000000000e+02 4.031476339150128929e+00 8.254069717566645537e+00 1.548648763152565380e+02
4.120000000000000000e+02 5.258643675380673344e+00 8.640205337238967331e+00 1.583502319542046450e+02
4.130000000000000000e+02 5.934114611441884790e+00 8.565322507162711929e+00 2.368904998470711121e+02
4.140000000000000000e+02 6.472986357686669301e+00 8.073312423238473201e+00 2.151174452439625213e+02
4.150000000000000000e+02 7.255465864027003775e+00 8.081193740327604402e+00 1.917516393017752421e+02
4.160000000000000000e+02 7.888706766196300180e+00 8.409896652643508830e+00 1.559631552214456747e+02
4.170000000000000000e+02 8.336912971195017619e+00 8.522556239375148834e+00 2.279805350274925786e+02
4.180000000000000000e+02 8.794931022834161283e+00 8.638173271611918835e+00 1.644332704003972481e+02
4.190000000000000000e+02 9.672745141665748392e+00 8.121401620873573535e+00 2.182562760374711388e+02
4.200000000000000000e+02 3.567376680942471734e-01 9.026827726831029963e+00 1.822642433501251844e+02
4.210000000000000000e+02 9.247289709875907704e-01 9.331365553336437912e+00 2.103320033394990674e+02
4.220000000000000000e+02 1.901441463489545569e+00 8.859510092461189146e+00 1.756549302364169023e+02
4.230000000000000000e+02 2.442698772688298270e+00 9.027904364758896349e+00 1.605507655151679671e+02
4.240000000000000000e+02 2.873922067647254330e+00 8.700881592316440205e+00 1.806730084469599262e+02
4.250000000000000000e+02 3.585123430576930836e+00 9.320880636934704810e+00 2.024145514719131427e+02
4.260000000000000000e+02 4.156307367968646638e+00 9.185818775249988022e+00 2.062373783783865520e+02
4.270000000000000000e+02 4.956440603005558998e+00 9.021470762971103952e+00 1.824805949608835363e+02
4.280000000000000000e+02 5.518115862344596501e+00 9.303019833841947417e+00 2.093300790084829828e+02
4.290000000000000000e+02 6.488237339241027968e+00 9.135313450654765077e+00 2.163451629216827712e+02
4.300000000000000000e+02 6.875373910175919256e+00 9.172221022026484150e+00 1.812846549321089356e+02
4.310000000000000000e+02 7.501386541907158367e+00 9.143943517053433112e+00 1.556729168908999554e+02
4.320000000000000000e+02 8.322395187939946481e+00 9.110069665482976475e+00 1.370904073896030013e+02
4.330000000000000000e+02 9.139374695674991500e+00 9.111641152566097190e+00 1.763538137784578339e+02
4.340000000000000000e+02 9.826226755562156967e+00 8.887996556978496443e+00 1.227060617432842804e+02
4.350000000000000000e+02 5.096993172988664167e-01 9.822496710502248263e+00 1.882896352630938281e+02
4.360000000000000000e+02 6.980849102003203743e-01 9.519568664922863022e+00 1.913696480876288888e+02
4.370000000000000000e+02 1.618206838552930238e+00 9.748019085207989320e+00 2.020465519805790109e+02
4.380000000000000000e+02 2.415462449085970409e+00 9.622250334831074170e+00 1.712374935081286935e+02
4.390000000000000000e+02 3.110921381441257516e+00 9.771916743650562509e+00 1.874777548099075943e+02
4.400000000000000000e+02 3.645254126740991474e+00 9.563757431943079368e+00 1.428352001330102041e+02
4.410000000000000000e+02 4.443473001863465832e+00 9.751656995507236303e+00 2.320899626292693370e+02
4.420000000000000000e+02 4.893672817476565129e+00 9.867525628403585713e+00 1.298447340344848726e+02
4.430000000000000000e+02 5.712082339013604404e+00 9.952498395487609173e+00 2.320753174196423743e+02
4.440000000000000000e+02 6.390331979122684913e+00 9.379123346128736216e+00 1.264952698312011137e+02
4.450000000000000000e+02 7.298402297018190765e+00 9.629080900006545818e+00 1.645251401492377568e+02
4.460000000000000000e+02 7.724868511257780845e+00 9.609834042531057108e+00 2.225041073606462874e+02
4.470000000000000000e+02 8.183937919786341553e+00 9.808523705402450332e+00 2.288600212913690939e+02
4.480000000000000000e+02 8.778088762287021396e+00 9.911980278120715582e+00 1.521742850781345169e+02
4.490000000000000000e+02 9.858197900983929785e+00 9.586667095952872586e+00 1.933891779183742301e+02
4.500000000000000000e+02 1.067314549958597869e-01 8.822049147834123972e-02 3.232825119376307725e+02
4.510000000000000000e+02 1.300900624502379088e+00 1.640017606579081133e-01 3.013055384177178553e+02
4.520000000000000000e+02 1.551400540683205875e+00 5.030916068014534837e-01 3.475709678343412747e+02
4.530000000000000000e+02 2.471017184455866378e+00 2.368011845745584820e-01 3.066084089939021169e+02
4.540000000000000000e+02 3.295977667020174362e+00 6.292743131209359575e-01 2.676855452060078733e+02
4.550000000000000000e+02 3.982102501421654672e+00 4.032402274665306541e-01 3.343605885115677552e+02
4.560000000000000000e+02 4.260226957938756165e+00 6.364685093641575531e-01 2.823862822421762644e+02
4.570000000000000000e+02 4.858221606228230627e+00 1.771370161575450131e-01 3.378642148390933926e+02
4.580000000000000000e+02 5.507644833006061447e+00 1.112693700988371948e-01 3.110203108599631605e+02
4.590000000000000000e+02 6.634767252021267048e+00 4.486381771520456807e-01 2.641613304583341346e+02
4.600000000000000000e+02 6.822234055954058185e+00 4.782811768933331598e-01 2.788709881591769317e+02
4.610000000000000000e+02 7.990714731366435508e+00 1.422309159689235936e-01 3.057048109593895902e+02
4.620000000000000000e+02 8.285695172906990535e+00 5.933781225728851361e-02 2.698753810840219103e+02
4.630000000000000000e+02 9.116378304105600350e+00 4.262646260288693867e-02 2.698791200302096058e+02
4.640000000000000000e+02 9.618444221101990266e+00 8.096510930403036377e-02 3.185867648877207898e+02
4.650000000000000000e+02 8.305481265375409122e-03 1.062723035449389730e+00 2.580252243745994178e+02
4.660000000000000000e+02 7.783513404898165788e-01 1.145505675639653775e+00 2.734621668561198931e+02
4.670000000000000000e+02 1.641665360932474726e+00 8.664236214605549602e-01 2.574920146422311404e+02
4.680000000000000000e+02 2.564496459918252924e+00 9.383090558512880985e-01 2.960319816168056946e+02
4.690000000000000000e+02 3.039095949073554515e+00 1.203705894462441250e+00 2.614427295127597972e+02
4.700000000000000000e+02 3.548019907878559920e+00 1.080799753355521364e+00 2.693171666683706462e+02
4.710000000000000000e+02 4.348229905845479415e+00 9.510607919836775448e-01 3.490584603808662223e+02
4.720000000000000000e+02 5.257935745885079726e+00 9.778481800834761817e-01 3.084785484460836074e+02
4.730000000000000000e+02 5.491810185543049450e+00 1.190161051931148517e+00 2.487620039195417121e+02
4.740000000000000000e+02 6.223263649419505938e+00 9.101545210525500140e-01 2.691817602496728341e+02
4.750000000000000000e+02 6.747019609430980225e+00 9.927726594286073736e-01 2.863920236618077411e+02
4.760000000000000000e+02 7.644964571700155531e+00 1.017231829780699481e+00 3.585498987388972978e+02
4.770000000000000000e+02 8.268251734992373869e+00 9.516550559196634840e-01 2.453716018738275011e+02
4.780000000000000000e+02 8.790418117089705774e+00 8.220996613039421863e-01 2.881327275925532945e+02
4.790000000000000000e+02 9.441095772835888411e+00 9.501483397229606442e-01 3.257257155212178645e+02
4.800000000000000000e+02 8.500028587510044531e-02 1.858953916582150701e+00 3.465633918620462737e+02
4.810000000000000000e+02 9.551352689350222080e-01 1.428576973644140269e+00 3.023663764243387959e+02
4.820000000000000000e+02 1.378849995424882069e+00 1.575012542000987947e+00 2.854297211596046395e+02
4.830000000000000000e+02 2.585876803024374393e+00 1.400559663687223289e+00 2.503585525177341538e+02
4.840000000000000000e+02 3.305000551657177876e+00 1.868459786218910512e+00 3.351970288399709830e+02
4.850000000000000000e+02 3.608231255390055736e+00 1.412109726922765818e+00 3.596489483963063094e+02
4.860000000000000000e+02 4.498312195843021222e+00 1.553314632651207727e+00 3.380030209708204438e+02
4.870000000000000000e+02 5.008227826620541556e+00 1.838898813764500151e+00 2.732411849126356742e+02
4.880000000000000000e+02 5.568299291487850411e+00 1.408503395546657933e+00 2.688003286912900194e+02
4.890000000000000000e+02 6.238078218619558690e+00 1.672666163837427611e+00 2.485032611702409042e+02
4.900000000000000000e+02 7.226131046780642997e+00 1.668022350089170436e+00 3.204996282334791999e+02
4.910000000000000000e+02 7.951536088647121581e+00 1.627427354993925768e+00 3.428140453118490996e+02
4.920000000000000000e+02 8.487128898579637593e+00 1.514759425821008643e+00 3.410417923682274477e+02
4.930000000000000000e+02 9.044351615531857291e+00 1.738386052067894871e+00 3.156358339069908538e+02
4.940000000000000000e+02 9.931290095253382688e+00 1.614834794041288379e+00 2.993774891629453805e+02
4.950000000000000000e+02 2.521346784725300161e-01 2.500777961655840542e+00 2.997600885857314097e+02
4.960000000000000000e+02 1.281291286537770802e+00 2.341333023418793235e+00 2.795891397857243987e+02
4.970000000000000000e+02 1.836778498562583684e+00 2.001477241428895493e+00 2.634676949752811765e+02
4.980000000000000000e+02 2.237586518396074364e+00 2.103006395134768614e+00 3.256768134678388833e+02
4.990000000000000000e+02 3.084943022734654594e+00 2.029735042309393389e+00 3.130674988132188901e+02
5.000000000000000000e+02 3.931152483152972277e+00 2.179515733065231498e+00 2.898135565154433948e+02
5.010000000000000000e+02 4.649936418531007476e+00 2.147091661029326914e+00 2.566249632194985111e+02
5.020000000000000000e+02 4.751844233907384307e+00 2.488587059690870795e+00 2.977095632881014922e+02
5.030000000000000000e+02 5.446118928788231450e+00 2.646805431988676460e+00 3.366840801809119057e+02
5.040000000000000000e+02 6.556778190558501862e+00 2.566250507807887438e+00 2.641851740617676114e+02
5.050000000000000000e+02 7.100405782073105243e+00 2.498632859494977154e+00 3.029248582297587973e+02
5.060000000000000000e+02 7.613061197922894152e+00 2.403805968798613968e+00 3.304544350181039363e+02
5.070000000000000000e+02 8.342380861316973650e+00 2.656249313150257585e+00 3.231335294154421263e+02
5.080000000000000000e+02 8.721176066723659304e+00 2.205550628525467793e+00 3.558542221589060546e+02
5.090000000000000000e+02 9.888673951928003802e+00 2.551361058527433556e+00 2.828182046762562436e+02
5.100000000000000000e+02 4.446875606025951222e-01 3.298090390673066974e+00 3.529088200296365017e+02
5.110000000000000000e+02 1.090027949823295650e+00 2.730988160870458703e+00 2.768132317157569560e+02
5.120000000000000000e+02 1.910108950020898089e+00 2.836186934546199634e+00 3.259458741060859666e+02
5.130000000000000000e+02 2.230762732999902020e+00 2.830231613402281798e+00 3.396904000949971305e+02
5.140000000000000000e+02 2.967473343974202038e+00 2.951061508630977936e+00 2.679147246149949524e+02
5.150000000000000000e+02 3.871611471911181379e+00 3.268465820380854314e+00 2.803799141706581395e+02
5.160000000000000000e+02 4.496684390899278405e+00 2.989574470469459566e+00 2.987619824295978788e+02
5.170000000000000000e+02 5.288668272757206523e+00 3.268844258611638853e+00 2.653511419242230431e+02
5.180000000000000000e+02 5.874250868456189600e+00 3.316873453916793224e+00 2.742572916611557048e+02
5.190000000000000000e+02 6.239125194327563406e+00 2.908396489286306341e+00 3.285654721446954909e+02
5.200000000000000000e+02 6.684208629812109059e+00 2.727844516659825302e+00 2.461453735762501651e+02
5.210000000000000000e+02 7.507719575612060936e+00 3.225846962650552374e+00 3.545807202109839977e+02
5.220000000000000000e+02 8.139023390861304108e+00 3.122657487424452150e+00 2.900487897112583937e+02
5.230000000000000000e+02 8.949125222846301853e+00 2.693072101807844287e+00 3.465417320052275727e+02
5.240000000000000000e+02 9.840225620422700104e+00 3.295522352008746658e+00 2.957867373245620115e+02
5.250000000000000000e+02 1.187068210132906643e-01 3.692663814443435832e+00 3.478358748653333805e+02
5.260000000000000000e+02 9.719976400252088311e-01 3.693086933233168168e+00 2.997890386623551535e+02
5.270000000000000000e+02 1.596312870795244088e+00 3.571376573854554870e+00 2.735491189220515480e+02
5.280000000000000000e+02 2.145241232967005640e+00 3.727656407123550952e+00 3.171477821127407992e+02
5.290000000000000000e+02 2.778311103839921969e+00 3.375440428154816264e+00 3.307257667747985010e+02
5.300000000000000000e+02 3.354796351140339805e+00 3.883635941625190213e+00 3.019769903073089949e+02
5.310000000000000000e+02 4.187302507053525247e+00 3.583977705419033821e+00 3.471188099411286885e+02
5.320000000000000000e+02 4.906343232257773579e+00 3.915944960339837966e+00 2.420299291752981219e+02
5.330000000000000000e+02 5.549561274762012886e+00 3.909577359193699753e+00 3.183122869960609478e+02
5.340000000000000000e+02 6.383352115426914608e+00 3.800287157510199076e+00 3.504374121697858300e+02
5.350000000000000000e+02 6.907577697332225597e+00 3.608815219453321177e+00 2.478906197833444196e+02
5.360000000000000000e+02 7.508644472663643654e+00 3.814739925589555991e+00 2.665166333228248732e+02
5.370000000000000000e+02 8.221019008317021814e+00 3.841206622958162065e+00 3.472725018319353012e+02
5.380000000000000000e+02 9.057593041552335578e+00 3.399751460593279262e+00 2.468112118230196472e+02
5.390000000000000000e+02 9.905383112604216223e+00 3.995217888006957985e+00 3.078251243536801667e+02
5.400000000000000000e+02 2.826426123470844945e-02 4.091537195373740055e+00 3.423515631375353792e+02
5.410000000000000000e+02 1.020669053845809859e+00 4.044396600958581445e+00 2.795151434760014126e+02
5.420000000000000000e+02 1.426783753115406839e+00 4.557879447279509222e+00 3.312831436821302873e+02
5.430000000000000000e+02 2.537335931410420908e+00 4.068016966289080827e+00 2.663899121685057025e+02
5.440000000000000000e+02 3.127703620650619687e+00 4.313858066336431207e+00 3.416273799476472277e+02
5.450000000000000000e+02 3.782702269273151341e+00 4.599677270784850336e+00 3.450422642994614648e+02
5.460000000000000000e+02 4.171792968630470888e+00 4.504692957250180818e+00 2.822221548657145149e+02
5.470000000000000000e+02 4.732761955136650656e+00 4.164543381759301610e+00 2.401343398916288834e+02
5.480000000000000000e+02 5.854953580677984881e+00 4.349171817394378969e+00 2.640383072870524188e+02
5.490000000000000000e+02 6.141891954448927216e+00 4.084114363068477083e+00 2.808076754015944516e+02
5.500000000000000000e+02 6.847168070527860806e+00 4.475924679378852744e+00 3.117201089111958936e+02
5.510000000000000000e+02 7.351426802271142869e+00 4.057660296910967190e+00 2.993155122578741612e+02
5.520000000000000000e+02 8.095824081105060799e+00 4.632712700381822479e+00 2.859698339942033840e+02
5.530000000000000000e+02 9.271097871737671525e+00 4.114761549691059450e+00 2.894760705350322496e+02
5.540000000000000000e+02 9.572487581535556345e+00 4.012721865752219230e+00 2.404131788879445537e+02
5.550000000000000000e+02 1.997343363591289837e-03 4.798637117264712870e+00 3.256535510028547833e+02
5.560000000000000000e+02 1.119831928596225712e+00 4.764714148066149235e+00 3.588759986737444478e+02
5.570000000000000000e+02 1.961079206498959282e+00 5.128259961863250282e+00 3.179130241511872441e+02
5.580000000000000000e+02 2.462352512020557604e+00 5.074983801700140518e+00 2.602926179951142558e+02
5.590000000000000000e+02 3.023953004924664789e+00 5.115386438314246220e+00 2.610594999612952165e+02
5.600000000000000000e+02 3.552688732250350423e+00 5.326023951377015564e+00 2.643847007496023025e+02
5.610000000000000000e+02 4.483466593687317037e+00 4.905597487955938973e+00 3.260449444350062436e+02
5.620000000000000000e+02 5.295194277539547301e+00 5.309830619147999364e+00 2.478907257221088685e+02
5.630000000000000000e+02 5.450847770709167150e+00 5.300790501924888432e+00 2.824924926156344895e+02
5.640000000000000000e+02 6.167667237724600682e+00 5.116470666848794480e+00 3.085574692521245197e+02
5.650000000000000000e+02 7.022697040907120325e+00 4.961667192637690071e+00 2.556306045861496727e+02
5.660000000000000000e+02 7.432239679157496504e+00 5.261279695532227407e+00 3.027001001607501394e+02
5.670000000000000000e+02 8.552825351056457137e+00 4.948640926921902050e+00 2.850725170208520467e+02
5.680000000000000000e+02 8.791254125679884623e+00 5.122628329212332687e+00 3.292015400296115217e+02
5.690000000000000000e+02 9.671169379271127298e+00 4.956353475064257275e+00 3.316030144545832172e+02
5.700000000000000000e+02 1.079506747166270736e-01 5.922799379095207151e+00 2.675987549074300205e+02
5.710000000000000000e+02 7.551871738319695382e-01 5.622108743388785079e+00 2.470474519761333738e+02
5.720000000000000000e+02 1.767788455739540909e+00 5.705049184553825370e+00 2.642372286550103695e+02
5.730000000000000000e+02 2.433830343434624233e+00 5.826187191804478971e+00 2.472356867901225712e+02
5.740000000000000000e+02 3.056764033038986916e+00 5.964502527651483810e+00 2.573405444619145328e+02
5.750000000000000000e+02 3.754567990967921709e+00 5.474168891219147071e+00 3.514598603825293139e+02
5.760000000000000000e+02 4.067039050625354868e+00 5.403568546010991014e+00 2.990243710401939552e+02
5.770000000000000000e+02 5.125009331402418766e+00 5.857477553748920762e+00 2.658934320916791876e+02
5.780000000000000000e+02 5.355481207797105903e+00 5.457768518025614135e+00 3.485735218166836376e+02
5.790000000000000000e+02 6.276224215447240518e+00 5.688045862023955124e+00 2.728035465790009084e+02
5.800000000000000000e+02 7.324105652028848112e+00 5.456838555138031843e+00 3.420899454136214217e+02
5.810000000000000000e+02 7.490988162332834932e+00 5.608943970032490789e+00 3.470342491659158668e+02
5.820000000000000000e+02 8.474193812089847455e+00 5.926735075021631438e+00 3.063397887324319413e+02
5.830000000000000000e+02 8.782052224130177720e+00 5.427520324233138460e+00 3.142173107022695149e+02
5.840000000000000000e+02 9.392070945976131569e+00 5.887605619546029345e+00 2.778190409723180778e+02
5.850000000000000000e+02 1.681243392712423734e-01 6.136405065861733732e+00 3.133715988202809513e+02
5.860000000000000000e+02 1.251567278671191552e+00 6.384353309521200615e+00 3.393814592023509817e+02
5.870000000000000000e+02 1.896727384443749997e+00 6.391752280693978605e+00 3.392475913508171175e+02
5.880000000000000000e+02 2.260269809503376415e+00 6.109979724787745425e+00 2.895129902638396402e+02
5.890000000000000000e+02 3.245052451268042759e+00 6.016800168927627368e+00 2.765678989328490047e+02
5.900000000000000000e+02 3.384507327359058237e+00 6.336199091114515625e+00 2.788815008065974439e+02
5.910000000000000000e+02 4.531537903246303678e+00 6.468920502311248377e+00 2.583192664047373910e+02
5.920000000000000000e+02 4.674664491767906327e+00 6.454592642402848135e+00 3.244462230189133152e+02
5.930000000000000000e+02 5.868356987334403030e+00 6.568015895004951865e+00 3.239223068005095456e+02
5.940000000000000000e+02 6.487676481267039996e+00 6.283728480549012119e+00 3.572103841614129465e+02
5.950000000000000000e+02 7.028239629444193781e+00 6.384312507403126169e+00 2.473578282317826336e+02
5.960000000000000000e+02 7.732650696186406769e+00 6.007173934158817730e+00 3.534037671488463843e+02
5.970000000000000000e+02 8.110442971388001965e+00 6.085426607810382471e+00 2.606427769233540062e+02
5.980000000000000000e+02 9.207681148517878000e+00 6.464933976594296361e+00 2.545946981164197496e+02
5.990000000000000000e+02 9.871169122724021250e+00 6.069726076064262621e+00 2.670358567600726474e+02
6.000000000000000000e+02 6.539198732655633617e-02 6.818433970386194254e+00 2.815100038433528766e+02
6.010000000000000000e+02 1.078102408163930992e+00 7.207175689489991655e+00 2.904498335879092110e+02
6.020000000000000000e+02 1.767356192367215417e+00 6.965305712062002108e+00 3.567573185570551004e+02
6.030000000000000000e+02 2.310904832125814767e+00 7.324107316282066904e+00 2.781982145677767448e+02
6.040000000000000000e+02 3.220994221979037064e+00 7.027643742053902187e+00 2.400007536038192768e+02
6.050000000000000000e+02 3.380497126261087004e+00 6.878531033614683210e+00 2.743774791864948384e+02
6.060000000000000000e+02 4.652722938781877815e+00 6.936039015985143052e+00 3.245228611056339787e+02
6.070000000000000000e+02 4.940432128081603480e+00 7.045228965553733680e+00 2.746985638348298835e+02
6.080000000000000000e+02 5.749557068183004382e+00 6.911458813247691069e+00 2.814037236912790831e+02
6.090000000000000000e+02 6.037946671235714824e+00 6.759205105158867966e+00 2.412638445669892064e+02
6.100000000000000000e+02 6.993145928246383924e+00 6.972161700393502137e+00 2.727331200390843833e+02
6.110000000000000000e+02 7.664906131177358972e+00 6.706456268690708100e+00 3.027917409181038693e+02
6.120000000000000000e+02 8.003496283334218475e+00 7.177795002718513118e+00 2.491948465672862767e+02
6.130000000000000000e+02 9.164165520211673410e+00 7.225002822487141430e+00 2.550788434105818681e+02
6.140000000000000000e+02 9.951468069231326652e+00 6.696063548684401567e+00 3.235602574638283500e+02
6.150000000000000000e+02 7.180713236660436934e-03 7.988206033863251676e+00 3.365898937184992974e+02
6.160000000000000000e+02 9.433745739451453449e-01 7.373577759764859074e+00 3.581603298657955179e+02
6.170000000000000000e+02 1.644366895478317048e+00 7.876137206671629976e+00 3.386354434655263503e+02
6.180000000000000000e+02 2.578582592835204856e+00 7.346342081846196415e+00 3.486028597596904319e+02
6.190000000000000000e+02 2.787735277520407173e+00 7.905261129123194230e+00 2.402988844629895766e+02
6.200000000000000000e+02 3.553938266382810074e+00 7.961810360009876852e+00 3.257951228636146084e+02
6.210000000000000000e+02 4.065397952498453371e+00 7.682158121798193129e+00 2.733335024781941343e+02
6.220000000000000000e+02 4.873030812695970937e+00 7.835814467498588343e+00 3.087568937199232550e+02
6.230000000000000000e+02 5.429092234636999414e+00 7.710796147157728875e+00 3.437824243392251446e+02
6.240000000000000000e+02 6.595452074157508449e+00 7.663765041529837063e+00 2.917815741253946271e+02
6.250000000000000000e+02 6.805818897501168863e+00 7.374728917488276636e+00 2.702318898382811767e+02
6.260000000000000000e+02 7.932105115273901497e+00 7.580311489233401367e+00 2.439165683012229806e+02
6.270000000000000000e+02 8.543028734167684490e+00 7.719454945723531303e+00 2.400723394525502954e+02
6.280000000000000000e+02 9.196689707102436273e+00 7.717422714658071392e+00 3.574056609738413499e+02
6.290000000000000000e+02 9.712218032410728341e+00 7.896153424343731686e+00 3.260303064632039991e+02
6.300000000000000000e+02 3.255015564925463067e-01 8.078553590725899625e+00 3.389541907146127642e+02
6.310000000000000000e+02 9.140068182999234736e-01 8.215996832758968083e+00 3.412791890064378890e+02
6.320000000000000000e+02 1.508421090675193144e+00 8.351757201755590998e+00 3.044245768044771694e+02
6.330000000000000000e+02 2.057937582338264182e+00 8.383095813947143427e+00 3.517582207849073370e+02
6.340000000000000000e+02 2.727385544792676253e+00 8.279899389341727201e+00 3.060939818409717645e+02
6.350000000000000000e+02 3.415578064135767811e+00 8.047912792990361552e+00 3.028853453675653782e+02
6.360000000000000000e+02 4.207961944278487465e+00 8.254592388340789455e+00 3.313487533943940093e+02
6.370000000000000000e+02 5.086814545821536804e+00 8.341891241993629080e+00 3.312746416727097198e+02
6.380000000000000000e+02 5.703783555820608697e+00 8.087307136668465901e+00 3.312785466622635226e+02
6.390000000000000000e+02 6.265865269247201219e+00 8.102244290550549621e+00 3.183908921172855457e+02
6.400000000000000000e+02 6.797886335956971671e+00 8.213921341822677746e+00 3.560987033931530732e+02
6.410000000000000000e+02 7.595684622770430217e+00 8.224661570633410079e+00 3.531902129050861845e+02
6.420000000000000000e+02 8.077154625155072765e+00 8.402693672748863918e+00 3.109597190746976025e+02
6.430000000000000000e+02 8.932865602787240178e+00 8.123712141870933934e+00 2.934735657582209569e+02
6.440000000000000000e+02 9.699161835202916748e+00 8.191698387612563081e+00 2.933943012300190389e+02
6.450000000000000000e+02 3.995476081912004429e-01 8.721127145573435158e+00 2.649430837731520114e+02
6.460000000000000000e+02 9.435531960219913916e-01 9.209172356083433542e+00 3.213497803006529807e+02
6.470000000000000000e+02 1.605470610480191240e+00 8.815898462126202872e+00 3.430519975960289685e+02
6.480000000000000000e+02 2.195445816187096444e+00 9.233347327250905678e+00 2.571155664002541812e+02
6.490000000000000000e+02 3.146194946473109155e+00 8.673941454532313244e+00 2.742507893420629443e+02
6.500000000000000000e+02 3.717346579934686979e+00 8.852861855483835640e+00 3.524790069670739285e+02
6.510000000000000000e+02 4.589196075511641659e+00 9.021269198623603103e+00 3.563832897166476528e+02
6.520000000000000000e+02 5.261572996251930867e+00 9.287599041542712541e+00 2.762159422198457150e+02
6.530000000000000000e+02 5.553694687910259553e+00 8.826547195669633084e+00 3.162856674626611948e+02
6.540000000000000000e+02 6.145305037133013570e+00 8.816364665632939079e+00 2.987673631481594612e+02
6.550000000000000000e+02 7.044051040434698763e+00 8.700976875090200124e+00 3.220563808278480451e+02
6.560000000000000000e+02 7.662391843462373231e+00 8.764451277747934199e+00 3.229259322707556521e+02
6.570000000000000000e+02 8.209203231268787704e+00 9.272836511427845707e+00 2.420729201228352565e+02
6.580000000000000000e+02 9.319454841780842713e+00 8.802952474874254918e+00 2.753289348023694743e+02
6.590000000000000000e+02 9.370040235966721198e+00 8.957445616571098057e+00 2.487127147769058979e+02
6.600000000000000000e+02 3.434936794798741921e-01 9.777008724941509854e+00 2.942317539510884217e+02
6.610000000000000000e+02 8.366042062073748564e-01 9.992016491082155838e+00 3.272458544232963504e+02
6.620000000000000000e+02 1.399380337856504175e+00 9.418332429704076247e+00 3.087613079838233148e+02
6.630000000000000000e+02 2.069158136372986512e+00 9.792134445433413603e+00 2.782470169603639079e+02
6.640000000000000000e+02 3.092193219036857954e+00 9.667288705356154921e+00 2.712857635067394426e+02
6.650000000000000000e+02 3.938085638828372925e+00 9.744091131125667715e+00 2.599917276107242969e+02
6.660000000000000000e+02 4.587057895207578007e+00 9.817668246793559206e+00 3.367999594815699993e+02
6.670000000000000000e+02 4.876491200523275005e+00 9.737844914235816773e+00 3.302074028024170502e+02
6.680000000000000000e+02 5.611041849960472838e+00 9.413232378932839595e+00 3.173066642955218413e+02
6.690000000000000000e+02 6.290059344049088175e+00 9.437669332647143250e+00 2.608633522700007461e+02
6.700000000000000000e+02 6.989796427624383135e+00 9.684482235590003540e+00 2.458218249303177743e+02
6.710000000000000000e+02 7.970834651995445164e+00 9.495231676000315701e+00 2.777871137148797516e+02
6.720000000000000000e+02 8.283294157919790734e+00 9.842438204266095170e+00 3.504038768583020556e+02
6.730000000000000000e+02 8.890375098571762891e+00 9.796553672658198764e+00 3.347028294062367877e+02
6.740000000000000000e+02 9.775448650337819956e+00 9.841727337838378276e+00 3.399805186682066278e+02
