0.000000000000000000e+00 -3.308283018340204329e+00 -3.429033735853632692e+00 3.478898826576627812e+01
1.000000000000000000e+00 -2.695817081524118031e+00 -3.624280651399683251e+00 1.123793535095829466e+00
2.000000000000000000e+00 -2.268441642767999422e+00 -3.769804481120188733e+00 3.610640881401953806e+01
3.000000000000000000e+00 -1.789074701302907577e+00 -3.974686245598006096e+00 1.067179226564920924e+01
4.000000000000000000e+00 -6.960575833855846550e-01 -3.837334145362545357e+00 2.423010871054225746e+01
5.000000000000000000e+00 -2.746552727856151344e-01 -3.919463454122276147e+00 3.279224773355066702e+01
6.000000000000000000e+00 9.775836255553980170e-01 -3.427087968087623171e+00 7.407555956406907782e+00
7.000000000000000000e+00 1.195983802565891096e+00 -3.685467997274493257e+00 4.125024934425508150e+01
8.000000000000000000e+00 1.943966616031375327e+00 -3.975893599332263051e+00 1.224305716596439986e+01
9.000000000000000000e+00 3.063736538456445224e+00 -3.749294374149115150e+00 1.277869261655036404e+01
1.000000000000000000e+01 3.771351750016532556e+00 -3.935478305763007612e+00 2.061319388267568797e+01
1.100000000000000000e+01 -3.985393932130386840e+00 -2.810900077294049559e+00 3.139235374949991275e+00
1.200000000000000000e+01 -2.827318196147937446e+00 -3.297646612435007007e+00 9.234254209539153990e+00
1.300000000000000000e+01 -2.180333241104094100e+00 -3.249574426128080340e+00 3.769855537414812119e+01
1.400000000000000000e+01 -1.664683102483080601e+00 -2.941656471441722154e+00 5.169242993765111294e+01
1.500000000000000000e+01 -7.474355204184364165e-01 -2.726799493782325889e+00 7.204208370726092880e+00
1.600000000000000000e+01 5.713665105960125112e-02 -2.708773629914589698e+00 2.206497051350364913e+01
1.700000000000000000e+01 7.017923557298786363e-01 -2.844268370770592025e+00 3.860031241942827318e+00
1.800000000000000000e+01 1.670365002814198085e+00 -3.083094393395745314e+00 5.124138719689016597e+01
1.900000000000000000e+01 1.926276232299227509e+00 -2.995501061794439757e+00 4.418165826102872273e+01
2.000000000000000000e+01 3.050247681438128300e+00 -2.750534677447104670e+00 2.270314874037227781e+01
2.100000000000000000e+01 3.280854715045386616e+00 -3.170481332781279527e+00 1.865528251328816722e+01
2.200000000000000000e+01 -3.678279638912254068e+00 -2.648835374032215473e+00 5.761419659021309769e+01
2.300000000000000000e+01 -3.201561267960641999e+00 -2.297407662266761186e+00 2.044184717097113335e+01
2.400000000000000000e+01 -1.818537392700732003e+00 -2.623440699856938618e+00 5.003257055877877946e+01
2.500000000000000000e+01 -1.280296382909763331e+00 -2.206654133301675369e+00 3.383320654663043570e+01
2.600000000000000000e+01 -4.741444928049868279e-01 -2.306096378998432339e+00 4.507288674888346947e+01
2.700000000000000000e+01 -3.101705565659605979e-01 -2.298008777505812450e+00 5.749699324880231188e+01
2.800000000000000000e+01 1.044843728481378520e+00 -2.576457226511855936e+00 4.669210036156776056e+01
2.900000000000000000e+01 1.162444831688217439e+00 -2.630559700951785373e+00 1.708657935949939866e+00
3.000000000000000000e+01 1.966200207826304780e+00 -2.341314525381953615e+00 5.242339749330680831e+01
3.100000000000000000e+01 3.052311718620578151e+00 -2.205009038032009983e+00 4.126869276047424506e+01
3.200000000000000000e+01 3.751950380549072150e+00 -2.231665338855787883e+00 3.021484702179032311e+01
3.300000000000000000e+01 -3.570082071533261292e+00 -1.453219889088235073e+00 7.520645888947790070e+00
3.400000000000000000e+01 -2.966488643359719735e+00 -1.646304530138602118e+00 5.049743258633314724e+01
3.500000000000000000e+01 -2.068227847126274277e+00 -1.338391597554646761e+00 3.772156242995534114e+01
3.600000000000000000e+01 -1.569000905837182547e+00 -1.737951646561805452e+00 5.612100975451306795e+01
3.700000000000000000e+01 -4.401992009626296554e-01 -1.924574591093598519e+00 3.974593368842755936e+00
3.800000000000000000e+01 -3.671584827863838552e-03 -1.610256423929156355e+00 2.345023209329870184e+01
3.900000000000000000e+01 6.766739111830273323e-01 -1.751411379457977091e+00 2.962290569544049390e+01
4.000000000000000000e+01 1.389351599282865113e+00 -1.376590998413031564e+00 1.743241207411006499e+01
4.100000000000000000e+01 2.119714454233913248e+00 -1.925578301626880373e+00 5.430903603910051203e+01
4.200000000000000000e+01 2.959364623588361720e+00 -1.842397240710720752e+00 5.091021349615117231e+01
4.300000000000000000e+01 3.811048141142425738e+00 -1.806852977387464643e+00 3.727703130063126480e+01
4.400000000000000000e+01 -3.489347308088526667e+00 -1.161599143809194157e+00 2.980041980896984910e+01
4.500000000000000000e+01 -3.112771118841181295e+00 -9.805115429237484248e-01 1.206808393637576593e+01
4.600000000000000000e+01 -2.095432704984319106e+00 -8.706341848318075449e-01 3.030181108783177280e+01
4.700000000000000000e+01 -1.580082594116765327e+00 -1.201378716391795498e+00 2.151230152149474151e+01
4.800000000000000000e+01 -5.604427634220688903e-01 -6.919157372151426566e-01 1.053700881015763535e+01
4.900000000000000000e+01 1.138495395164332291e-01 -1.207567899412974599e+00 8.975775753103086174e+00
5.000000000000000000e+01 9.866874705433090753e-01 -7.986756078073697918e-01 4.365282681792105990e+00
5.100000000000000000e+01 1.195725711750030618e+00 -9.627231353084877430e-01 3.119241151222715658e+01
5.200000000000000000e+01 2.436701292783900463e+00 -8.067766016138462337e-01 2.694350481788859497e+01
5.300000000000000000e+01 2.569187634541413079e+00 -7.357805298697124297e-01 2.666673818812441965e+01
5.400000000000000000e+01 3.674386963933236494e+00 -9.461916843135664834e-01 1.658592606311013462e+00
5.500000000000000000e+01 -3.676933043577649052e+00 -1.925498422740118398e-01 5.862287200682914090e+01
5.600000000000000000e+01 -2.658162292112079328e+00 -4.397509489839221408e-01 4.499816812550430001e+01
5.700000000000000000e+01 -2.237170040535367388e+00 -3.002899417318149466e-01 3.654874481060507208e+01
5.800000000000000000e+01 -1.657723763846019160e+00 -3.352709836750703554e-01 2.053280361169926849e+01
5.900000000000000000e+01 -5.050604020819071671e-01 -5.291047423809867034e-01 3.280231455063675128e+01
6.000000000000000000e+01 -3.159458033311878244e-01 -6.183883770630703713e-01 1.822571060770683005e+01
6.100000000000000000e+01 1.085803912603072074e+00 -4.980791567248634699e-01 3.501177311510367218e+01
6.200000000000000000e+01 1.634631313275276998e+00 -5.990972894019614969e-01 1.479500862025154895e+01
6.300000000000000000e+01 2.193432182659091900e+00 -2.945003847706541555e-01 2.970857650541724837e+01
6.400000000000000000e+01 2.997564873851080058e+00 -2.878730385769663336e-01 6.847654454220634790e+00
6.500000000000000000e+01 3.644226624181823304e+00 -4.741712341469594971e-01 3.950081844106220785e+01
6.600000000000000000e+01 -3.433024037521479332e+00 5.052593287830975388e-01 2.348696831931067308e+01
6.700000000000000000e+01 -2.576690983561803705e+00 2.225349439758265296e-02 4.998381124354183669e+01
6.800000000000000000e+01 -2.392910547028761492e+00 3.357126086566697976e-01 4.464177974568451646e+01
6.900000000000000000e+01 -1.599908869891957908e+00 6.651200921152534695e-01 2.936753955932526949e+01
7.000000000000000000e+01 -3.642599576524901961e-01 2.784518386437534465e-01 3.538893021219762858e+01
7.100000000000000000e+01 -3.391300560891423177e-01 1.790470506665811090e-01 2.315218522173215376e+01
7.200000000000000000e+01 5.882034951711097026e-01 5.826755459318464503e-01 2.684482139857418659e+01
7.300000000000000000e+01 1.264186929915465774e+00 1.816511014635014409e-01 3.410934181118082620e+01
7.400000000000000000e+01 2.527284098865909101e+00 5.021801710534872232e-01 3.295185459994902999e+01
7.500000000000000000e+01 2.900396646608782270e+00 2.189092308327693637e-01 4.321841249741324020e+01
7.600000000000000000e+01 3.781361379523333177e+00 2.906366211137905720e-01 5.157874445677921216e+01
7.700000000000000000e+01 -3.339014608084786229e+00 7.927313477880992831e-01 2.183089450278525590e+01
7.800000000000000000e+01 -3.256420891540051876e+00 1.212454256240898420e+00 3.140377365429344891e+01
7.900000000000000000e+01 -2.084175888062790083e+00 1.040716131101043107e+00 3.719065007832029579e+01
8.000000000000000000e+01 -1.110441847600931009e+00 8.259980281282686132e-01 1.482156448467645404e+01
8.100000000000000000e+01 -3.666126967407440373e-01 1.106908452536557119e+00 3.892871793375540079e+01
8.200000000000000000e+01 2.365185143191020911e-01 8.165423068876911383e-01 5.167566708673960107e+01
8.300000000000000000e+01 8.984998832959087967e-01 9.237848489338773561e-01 7.084693770009799607e+00
8.400000000000000000e+01 1.197101704765402452e+00 1.064378490298136581e+00 2.446599443638301707e+01
8.500000000000000000e+01 2.070990679412747060e+00 6.948150575023800402e-01 1.547000319955409608e+01
8.600000000000000000e+01 2.800952122252816423e+00 1.037429865970801224e+00 3.918379571630876512e+01
8.700000000000000000e+01 3.749175585496914653e+00 1.220865130950826272e+00 5.225057494817692572e+01
8.800000000000000000e+01 -3.728097711741290787e+00 1.362576269713583477e+00 2.927973993798281072e+01
8.900000000000000000e+01 -2.686871733956089692e+00 1.445465665554522605e+00 3.543548397207544554e+01
9.000000000000000000e+01 -2.310761796673223234e+00 1.562548117594636077e+00 3.999237524775650598e+01
9.100000000000000000e+01 -1.429821256081692304e+00 1.904197905459728890e+00 1.797950875847025642e+01
9.200000000000000000e+01 -7.654219310970873380e-01 1.640347612465813398e+00 2.601698474806028116e+01
9.300000000000000000e+01 -2.557467867737721057e-01 1.409842214389721571e+00 2.892695253845334591e+01
9.400000000000000000e+01 1.043690100662325815e+00 1.658743453885977548e+00 2.911726709914922750e+01
9.500000000000000000e+01 1.219154560450717462e+00 1.369742677731932812e+00 4.784479715079073969e+01
9.600000000000000000e+01 2.044624724734998011e+00 1.939524939193678410e+00 3.245990303443032587e+01
9.700000000000000000e+01 2.852942630724975004e+00 1.918741208000742215e+00 1.717208238476152005e+01
9.800000000000000000e+01 3.680164377079249149e+00 1.393488931129944541e+00 4.169904385864214902e+01
9.900000000000000000e+01 -3.992450869827091964e+00 2.515306612399401232e+00 1.540495536778477259e+01
1.000000000000000000e+02 -2.652906094846027241e+00 2.440930731055220626e+00 1.003965863805794001e+01
1.010000000000000000e+02 -2.455454617736527734e+00 2.161034407984543382e+00 3.032765835497955109e+01
1.020000000000000000e+02 -1.529940299048083485e+00 2.575879010492425625e+00 2.203115220081176062e+01
1.030000000000000000e+02 -5.397147866391298621e-01 2.295416776379933133e+00 4.126776139795393306e+01
1.040000000000000000e+02 -7.275330168174026779e-02 2.409065008765527871e+00 5.961954193627008181e+00
1.050000000000000000e+02 5.758083076434954428e-01 2.279042265377325904e+00 2.688314002422227489e+01
1.060000000000000000e+02 1.593474704455999369e+00 2.037043815255516588e+00 3.200519942523298766e+01
1.070000000000000000e+02 1.992882933608509877e+00 2.208089085684128872e+00 4.301276201349008232e+01
1.080000000000000000e+02 2.667490191751053619e+00 2.513191996505919512e+00 4.765923280185904787e+01
1.090000000000000000e+02 3.398136459196758885e+00 2.038562736045545609e+00 8.592272235601308594e+00
1.100000000000000000e+02 -3.456421062554998258e+00 3.236828305851618737e+00 2.459627941263074291e+01
1.110000000000000000e+02 -2.976252368758085520e+00 3.214285192690603310e+00 5.102277275148853164e+01
1.120000000000000000e+02 -2.026004497533847371e+00 3.207200670427830413e+00 3.769414090889726054e+01
1.130000000000000000e+02 -1.409042608375637107e+00 2.695780529622524124e+00 5.803796637528211022e+01
1.140000000000000000e+02 -4.451302151891904924e-01 3.112302866280646896e+00 2.337222593947892335e+01
1.150000000000000000e+02 2.190389591730315111e-01 3.203842530597397875e+00 2.335117389588929626e+01
1.160000000000000000e+02 4.429139330504766048e-01 2.842662951888451861e+00 2.572255275141861475e+00
1.170000000000000000e+02 1.813866789367563737e+00 3.222804231073730818e+00 2.052317540009397234e+01
1.180000000000000000e+02 2.149325055447890875e+00 3.027261323689695249e+00 2.505032895919111979e+01
1.190000000000000000e+02 3.255876060733226218e+00 2.961151367812784763e+00 5.020788665299342313e+01
1.200000000000000000e+02 3.577083204619542656e+00 3.229809427098365049e+00 4.610462970789529891e+01
1.210000000000000000e+02 -3.520376626519907681e+00 3.504945336762950614e+00 9.751292774627419391e+00
1.220000000000000000e+02 -3.115052368854974052e+00 3.806764565670547107e+00 5.254561562542599518e+01
1.230000000000000000e+02 -2.179002962410767630e+00 3.842131885410127623e+00 3.403035911046486461e+01
1.240000000000000000e+02 -1.560696341519723473e+00 3.663658347756485689e+00 5.997578671803866968e+01
1.250000000000000000e+02 -7.133504456660015869e-01 3.938229222934931162e+00 1.254569084027643555e+00
1.260000000000000000e+02 -2.170848811306873571e-01 3.676001865824987114e+00 1.536466612200441517e+01
1.270000000000000000e+02 1.065070448148673243e+00 3.802310721006929128e+00 1.775701995448466164e+01
1.280000000000000000e+02 1.623684665784333125e+00 3.490792627358772826e+00 2.575751525352442073e+01
1.290000000000000000e+02 2.454849509836314336e+00 3.665212269533083322e+00 4.060979015872243281e+01
1.300000000000000000e+02 2.807341554498996139e+00 3.883446349165944333e+00 1.226257164794364307e+00
1.310000000000000000e+02 3.637241158139273178e+00 3.440033947059862651e+00 2.877206294701768030e+01
1.320000000000000000e+02 -3.463932929890356061e+00 -3.982941045879877517e+00 1.073722630563231775e+02
1.330000000000000000e+02 -3.240529633220138539e+00 -3.994581473793686666e+00 7.876872069804423404e+01
1.340000000000000000e+02 -2.162821107191381653e+00 -3.835412848480857395e+00 6.096843606737273547e+01
1.350000000000000000e+02 -1.676561995358423429e+00 -3.667041985179523955e+00 6.273961228855427663e+01
1.360000000000000000e+02 -7.418864966929498150e-01 -3.886864186564809032e+00 8.623549652892066320e+01
1.370000000000000000e+02 -3.247387722705992186e-01 -3.722046771156402034e+00 6.689520127527889315e+01
1.380000000000000000e+02 8.732943230635297205e-01 -3.677049021218688818e+00 9.813822945303121514e+01
1.390000000000000000e+02 1.309588524888499084e+00 -3.710711886528472281e+00 6.085696181787256620e+01
1.400000000000000000e+02 2.488670998721529415e+00 -3.430572184855856577e+00 7.748260667655583234e+01
1.410000000000000000e+02 2.906999134018516617e+00 -3.581802478676874735e+00 1.012340154918733504e+02
1.420000000000000000e+02 3.695401797652307696e+00 -3.552841014665376385e+00 8.194948613624497114e+01
1.430000000000000000e+02 -3.975559534541254880e+00 -3.205385491829695788e+00 8.174828605966553141e+01
1.440000000000000000e+02 -2.576216733366176737e+00 -2.971115976593337926e+00 1.124850556669070869e+02
1.450000000000000000e+02 -1.850739315474049906e+00 -3.045871491366193506e+00 9.310377796890568902e+01
1.460000000000000000e+02 -1.757341862867654259e+00 -3.119171203936617065e+00 8.649929897418269320e+01
1.470000000000000000e+02 -6.597386080246543383e-01 -3.198257273952634705e+00 1.139815095520919357e+02
1.480000000000000000e+02 7.336851682821998732e-03 -2.812443395568201332e+00 6.035126072922030005e+01
1.490000000000000000e+02 8.560388938365376399e-01 -2.864303448860928025e+00 7.898529961504857511e+01
1.500000000000000000e+02 1.558345387600664544e+00 -3.101494443654200239e+00 8.167435345190003204e+01
1.510000000000000000e+02 1.907261918436761849e+00 -2.768711505116300930e+00 1.115386570233322914e+02
1.520000000000000000e+02 2.809675994195019122e+00 -2.754694650349924778e+00 1.198077947980078193e+02
1.530000000000000000e+02 3.287220442416768584e+00 -2.830887039128007210e+00 7.238575052507302132e+01
1.540000000000000000e+02 -3.779970175239830255e+00 -2.512847592174479505e+00 7.643671447922028506e+01
1.550000000000000000e+02 -3.235217460796393496e+00 -2.511796211608541274e+00 7.478120642432330101e+01
1.560000000000000000e+02 -2.324789058393957220e+00 -2.577682286552635649e+00 9.984422917587110646e+01
1.570000000000000000e+02 -1.741147808335895331e+00 -2.239749718886218766e+00 1.011832457019996525e+02
1.580000000000000000e+02 -1.077398779499514125e+00 -2.073615225076588242e+00 9.253238129572761750e+01
1.590000000000000000e+02 -1.780666802859469655e-01 -2.392222047954139619e+00 9.025695385463841092e+01
1.600000000000000000e+02 9.996416453741598929e-01 -2.437466252667311650e+00 1.156528976263285529e+02
1.610000000000000000e+02 1.771538916553186738e+00 -2.434455019947936449e+00 9.741429969752060458e+01
1.620000000000000000e+02 1.849825568772091033e+00 -2.313728107397734490e+00 6.771055236813000988e+01
1.630000000000000000e+02 3.144810648980282508e+00 -2.318646328194584161e+00 1.059655366016046543e+02
1.640000000000000000e+02 3.779782705073317040e+00 -2.538567141352086942e+00 1.024511038021974940e+02
1.650000000000000000e+02 -3.406568516951548276e+00 -1.955122842580319764e+00 1.173174750692365791e+02
1.660000000000000000e+02 -2.993051391517176807e+00 -1.790885654523352688e+00 6.529839822324338172e+01
1.670000000000000000e+02 -2.261740391176134679e+00 -1.552301937560620404e+00 1.111376602950429913e+02
1.680000000000000000e+02 -1.421201073908098245e+00 -1.726165376536469509e+00 6.579306818254625000e+01
1.690000000000000000e+02 -5.006894063933967631e-01 -1.625033706238571796e+00 7.694136383181040628e+01
1.700000000000000000e+02 3.570391915458066556e-01 -1.842491164699324502e+00 1.103594423647676308e+02
1.710000000000000000e+02 1.077076801543262130e+00 -1.948266529757676890e+00 9.742547162867208499e+01
1.720000000000000000e+02 1.403560354198690296e+00 -1.453484155577707382e+00 6.402353882959157261e+01
1.730000000000000000e+02 2.323630339505863951e+00 -1.859954010395028057e+00 7.398339049039954318e+01
1.740000000000000000e+02 2.853804267036481601e+00 -1.910658736966393434e+00 6.177629992209774201e+01
1.750000000000000000e+02 3.395754362728096609e+00 -1.403763720293845552e+00 1.119021263052291602e+02
1.760000000000000000e+02 -3.466833933333863360e+00 -1.057569275682371579e+00 9.112857332014479539e+01
1.770000000000000000e+02 -2.764340220586451125e+00 -7.297414783682384387e-01 8.470089641687854964e+01
1.780000000000000000e+02 -2.387672031882360546e+00 -7.856345412387437666e-01 7.324583215472115683e+01
1.790000000000000000e+02 -1.305360945275269469e+00 -1.214118139853738620e+00 1.053666840901835968e+02
1.800000000000000000e+02 -1.015616338588896328e+00 -1.307582995716895846e+00 9.687504418635910497e+01
1.810000000000000000e+02 -1.674431636207582841e-01 -6.942751927228671960e-01 6.793038693782882831e+01
1.820000000000000000e+02 6.540140152959452724e-01 -6.737048193403739615e-01 1.114027183209000071e+02
1.830000000000000000e+02 1.497301578500154218e+00 -1.005017320711351303e+00 6.331884324609150383e+01
1.840000000000000000e+02 2.022054249208526500e+00 -9.706663140216504893e-01 7.918398945163268365e+01
1.850000000000000000e+02 2.916947576018753541e+00 -1.206498435575404038e+00 6.759198537424464348e+01
1.860000000000000000e+02 3.934004983765011509e+00 -1.239749099007687816e+00 7.679717238086621478e+01
1.870000000000000000e+02 -3.338848544852691447e+00 -5.174919859872832983e-01 8.454513357265804530e+01
1.880000000000000000e+02 -2.856817921983877628e+00 -1.597126808616824434e-01 6.350799607157927795e+01
1.890000000000000000e+02 -2.355580216336117694e+00 -5.185348481085632066e-01 1.074081133041154033e+02
1.900000000000000000e+02 -1.174871071510106502e+00 -5.810311898874499503e-01 6.448736585167752366e+01
1.910000000000000000e+02 -9.156082264337227494e-01 -5.203953442306846755e-01 8.054233219793870546e+01
1.920000000000000000e+02 -3.018913835224193987e-01 -9.632754029526091610e-02 1.085537442944579851e+02
1.930000000000000000e+02 6.286642514944877913e-01 -6.645311243297743475e-01 6.189855647013806106e+01
1.940000000000000000e+02 1.458986341572076073e+00 -4.417750169683340999e-01 7.683029881564380048e+01
1.950000000000000000e+02 2.242334259758112847e+00 -5.443560309501253025e-01 8.256482082280508905e+01
1.960000000000000000e+02 2.861443153797927241e+00 -1.611123408784131961e-02 1.166524192242527818e+02
1.970000000000000000e+02 3.465920958832012122e+00 -4.319649535307046317e-01 8.309617412142708304e+01
1.980000000000000000e+02 -3.873751024256523845e+00 3.319935558437132617e-01 8.183374916877434657e+01
1.990000000000000000e+02 -3.005307701082830629e+00 5.648361987285879238e-01 1.121394275638498073e+02
2.000000000000000000e+02 -1.843479137221997632e+00 3.524748045894599557e-01 9.994759556218994589e+01
2.010000000000000000e+02 -1.762244965220895132e+00 5.753693617387157788e-01 9.748716831962565266e+01
2.020000000000000000e+02 -6.175872533317507962e-01 3.797902831718331929e-02 9.079187095524417828e+01
2.030000000000000000e+02 4.229639953296138177e-02 2.616151196772444898e-01 1.153610612559600099e+02
2.040000000000000000e+02 3.754311657895186283e-01 1.771509659349678467e-01 9.216264323000280001e+01
2.050000000000000000e+02 1.758569348794528642e+00 1.369562147771641314e-02 6.791144240075900029e+01
2.060000000000000000e+02 2.065864039344689651e+00 6.327664238716914635e-01 6.269266681069588287e+01
2.070000000000000000e+02 3.000078086135533617e+00 2.043703139769628696e-01 8.013582265479993794e+01
2.080000000000000000e+02 3.801452563475810731e+00 4.343765530154129473e-01 7.954386640007436426e+01
2.090000000000000000e+02 -3.995013686800986008e+00 6.941201450817300334e-01 9.497136769720819416e+01
2.100000000000000000e+02 -2.690018341883847697e+00 1.308523175710685216e+00 7.109799242624363558e+01
2.110000000000000000e+02 -1.974923937330147483e+00 6.826619344291534608e-01 9.672850259105427995e+01
2.120000000000000000e+02 -1.111439586836074245e+00 1.002013661277408652e+00 8.065411328073395225e+01
2.130000000000000000e+02 -6.302246751273042902e-01 8.264218820842057500e-01 9.119880518984042794e+01
2.140000000000000000e+02 2.447231314164162175e-01 9.365405627101002217e-01 9.643876713918902510e+01
2.150000000000000000e+02 6.137067625276063643e-01 1.150724945613603722e+00 1.034166781916155458e+02
2.160000000000000000e+02 1.582390632106745354e+00 1.079749541702601956e+00 8.809256594400781637e+01
2.170000000000000000e+02 2.259305988293050405e+00 9.940071032689042907e-01 9.439051167619822991e+01
2.180000000000000000e+02 3.116753338545917185e+00 1.258498460015223586e+00 8.551122889191493925e+01
2.190000000000000000e+02 3.821209544788239043e+00 1.108481137388894977e+00 1.159835522669374370e+02
2.200000000000000000e+02 -3.406586759676278664e+00 1.965840645923144336e+00 7.262674837747530887e+01
2.210000000000000000e+02 -3.222446059791006068e+00 1.493029583847004460e+00 1.039454658621248484e+02
2.220000000000000000e+02 -1.898761472007533424e+00 1.857470593406965520e+00 1.023502442159252439e+02
2.230000000000000000e+02 -1.181190748055897632e+00 1.704228525371249914e+00 1.084501852541561391e+02
2.240000000000000000e+02 -4.624256978259503326e-01 1.418426298764415838e+00 1.067804730154814905e+02
2.250000000000000000e+02 -3.285027600158571537e-01 1.400069756551257205e+00 8.612474662785366775e+01
2.260000000000000000e+02 6.810497412775805559e-01 1.387274840901744799e+00 1.002339543831961066e+02
2.270000000000000000e+02 1.454972972275326182e+00 1.450096482888232563e+00 1.006280251078001271e+02
2.280000000000000000e+02 2.253845675902971468e+00 1.484055944467842725e+00 7.458742027523410911e+01
2.290000000000000000e+02 2.961036035267623934e+00 1.440398831714338357e+00 1.127053049906291733e+02
2.300000000000000000e+02 3.797730008237810040e+00 1.966692170558127950e+00 8.371916272883737520e+01
2.310000000000000000e+02 -3.979624657781394514e+00 2.080055286924350710e+00 8.154458149662592348e+01
2.320000000000000000e+02 -3.033020875970199093e+00 2.619032276661455327e+00 1.091430119528075409e+02
2.330000000000000000e+02 -2.315663826772629719e+00 2.221868741637231359e+00 7.020465169314532261e+01
2.340000000000000000e+02 -1.679114806828781115e+00 2.602472032315370942e+00 1.199574585519390268e+02
2.350000000000000000e+02 -8.552867592391701912e-01 2.514007496298743760e+00 1.064973397520069511e+02
2.360000000000000000e+02 2.897053957885564746e-02 2.345654292559489651e+00 1.179903143448292724e+02
2.370000000000000000e+02 7.456007631089112131e-01 2.116815273849444790e+00 6.088055294400896855e+01
2.380000000000000000e+02 1.618237491568554676e+00 2.527196938350272148e+00 6.370570514858167144e+01
2.390000000000000000e+02 2.327702242679424049e+00 2.546297538381026904e+00 7.847830643942592133e+01
2.400000000000000000e+02 2.785575750313832089e+00 2.171192791195110328e+00 1.028059882839565660e+02
2.410000000000000000e+02 3.594418695626146576e+00 2.627131771894972267e+00 1.039515316140155932e+02
2.420000000000000000e+02 -3.933229413309394573e+00 2.777720619440992245e+00 9.653113676756670714e+01
2.430000000000000000e+02 -2.861328875361779378e+00 3.091539623311059248e+00 1.171850908316467041e+02
2.440000000000000000e+02 -1.839820910098685314e+00 2.895174760456789897e+00 9.835516967494507412e+01
2.450000000000000000e+02 -1.622608574344142962e+00 2.914789844393974150e+00 8.780367137753651718e+01
2.460000000000000000e+02 -5.876117152738751237e-01 3.211617163520005924e+00 9.816906913527503775e+01
2.470000000000000000e+02 7.016171132516518805e-02 2.779968591345484796e+00 8.493795886757820313e+01
2.480000000000000000e+02 5.862543990392137250e-01 3.085231906011825842e+00 9.915816796220263996e+01
2.490000000000000000e+02 1.674109970004941328e+00 2.956945377862874924e+00 8.593563704912259027e+01
2.500000000000000000e+02 2.497454740341610524e+00 3.148002314893440179e+00 6.491368181514826574e+01
2.510000000000000000e+02 3.260889292706221188e+00 2.899513025151740919e+00 7.886832397367510339e+01
2.520000000000000000e+02 3.751586691630815373e+00 3.042298954644993891e+00 9.356291082099261303e+01
2.530000000000000000e+02 -3.689329348114098295e+00 3.370358487983835083e+00 8.894649438172724842e+01
2.540000000000000000e+02 -2.573644029481955364e+00 3.374293834652525081e+00 1.003712160751405520e+02
2.550000000000000000e+02 -2.477264733847009293e+00 3.881775178188235920e+00 7.725536224510676675e+01
2.560000000000000000e+02 -1.209558123966032461e+00 3.560668035808551402e+00 9.994921938857233101e+01
2.570000000000000000e+02 -5.305964938094248629e-01 3.370368127946201220e+00 7.807810421863493389e+01
2.580000000000000000e+02 1.543296792590901356e-01 3.832761172331986543e+00 6.180207928633933534e+01
2.590000000000000000e+02 1.003281374808270510e+00 3.774913325501293215e+00 9.256738105444756570e+01
2.600000000000000000e+02 1.487815585799461493e+00 3.487114242610604542e+00 9.394241263778880580e+01
2.610000000000000000e+02 1.944963448934272199e+00 3.684119409134722023e+00 1.125700191613112509e+02
2.620000000000000000e+02 2.850034986765134892e+00 3.902881234401188504e+00 6.178418784372814798e+01
2.630000000000000000e+02 3.962458059064031701e+00 3.827381754066359942e+00 7.204112040380783810e+01
2.640000000000000000e+02 -3.899053138641987992e+00 -3.874082888701924077e+00 1.637350282214867434e+02
2.650000000000000000e+02 -2.774442221987694079e+00 -3.727886496522938575e+00 1.406564858778677376e+02
2.660000000000000000e+02 -2.511584079862378527e+00 -3.550165254978973284e+00 1.452395131449260646e+02
2.670000000000000000e+02 -1.117399614883186842e+00 -3.794406887920820370e+00 1.411258265264065983e+02
2.680000000000000000e+02 -8.803924007637443649e-01 -3.611875535404904358e+00 1.465685765356210766e+02
2.690000000000000000e+02 -3.097720085300403881e-03 -3.786582341295638088e+00 1.538423693393889380e+02
2.700000000000000000e+02 1.052267093964467826e+00 -3.337766429101733046e+00 1.691443993620481194e+02
2.710000000000000000e+02 1.322294797048959358e+00 -3.983032788744319319e+00 1.595659933512983741e+02
2.720000000000000000e+02 2.068604084698249412e+00 -3.999931029758670320e+00 1.256364547541004129e+02
2.730000000000000000e+02 3.005369244635983872e+00 -3.885488288756767883e+00 1.217691343455327342e+02
2.740000000000000000e+02 3.847168471540792112e+00 -3.656131824916761808e+00 1.462099490137298687e+02
2.750000000000000000e+02 -3.689989398297489842e+00 -2.707012965328341902e+00 1.277786689569914955e+02
2.760000000000000000e+02 -2.628314172191388742e+00 -3.328452625255737818e+00 1.358261858059441920e+02
2.770000000000000000e+02 -1.909299343675469274e+00 -3.072576593969460923e+00 1.457785136481838038e+02
2.780000000000000000e+02 -1.428885894989815997e+00 -3.131676963311291750e+00 1.600400211941396265e+02
2.790000000000000000e+02 -6.573285534098607386e-01 -2.969448945290778852e+00 1.583780876873610168e+02
2.800000000000000000e+02 -1.722222693243174174e-01 -2.678500795827011505e+00 1.737703457061228676e+02
2.810000000000000000e+02 6.676442964365962851e-01 -2.722078280546631479e+00 1.663070894782294147e+02
2.820000000000000000e+02 1.804732910861496009e+00 -2.873954677980793626e+00 1.609956977212121387e+02
2.830000000000000000e+02 2.036202948522420897e+00 -2.894486702725706184e+00 1.365894543023911467e+02
2.840000000000000000e+02 2.731302215551295820e+00 -3.241114544103041339e+00 1.238877206107869569e+02
2.850000000000000000e+02 3.278725984122046633e+00 -2.719510309554651339e+00 1.720814552960729316e+02
2.860000000000000000e+02 -3.761382442019293393e+00 -2.283747539155962514e+00 1.598149953212114269e+02
2.870000000000000000e+02 -2.654203332699490048e+00 -2.123881731962431907e+00 1.796353102498093790e+02
2.880000000000000000e+02 -2.168041985352507250e+00 -2.057200871768126493e+00 1.436834892023563270e+02
2.890000000000000000e+02 -1.233416208697261318e+00 -2.639851105141618248e+00 1.444034017613080891e+02
2.900000000000000000e+02 -4.678994213039515682e-01 -2.425588295677161721e+00 1.539568096481434338e+02
2.910000000000000000e+02 2.143066912030071602e-01 -2.322282547463779601e+00 1.323773294149858373e+02
2.920000000000000000e+02 6.643051672040332090e-01 -2.229382446199119627e+00 1.458595163023995838e+02
2.930000000000000000e+02 1.519571593045367264e+00 -2.122853030149905340e+00 1.336299261916138619e+02
2.940000000000000000e+02 2.317033870813151264e+00 -2.381583737715497140e+00 1.343371586059944320e+02
2.950000000000000000e+02 2.662440603925451565e+00 -2.496830911083448346e+00 1.490022343305690242e+02
2.960000000000000000e+02 3.733329871997521199e+00 -2.608928115193296815e+00 1.743019610827120118e+02
2.970000000000000000e+02 -3.385806803302172874e+00 -1.719303298380809197e+00 1.351524499195192561e+02
2.980000000000000000e+02 -2.694206872589123059e+00 -1.478669939236292086e+00 1.317851153629707426e+02
2.990000000000000000e+02 -2.059138831614855558e+00 -1.737952279630744945e+00 1.467750113292063361e+02
3.000000000000000000e+02 -1.562312172295363677e+00 -1.720438804317428794e+00 1.537768425511500823e+02
3.010000000000000000e+02 -8.327508436092259103e-01 -1.715233265642135851e+00 1.697082832491307727e+02
3.020000000000000000e+02 -1.166031055209005851e-01 -1.818982020117228204e+00 1.722481825507487656e+02
3.030000000000000000e+02 7.038531578321934878e-01 -1.593326048060164313e+00 1.553985367214006317e+02
3.040000000000000000e+02 1.348547275728709582e+00 -1.906380887626315745e+00 1.288480950813579966e+02
3.050000000000000000e+02 2.436712488286923772e+00 -1.381457438218686384e+00 1.647762115396854767e+02
3.060000000000000000e+02 2.554873782140563598e+00 -1.469792803485729715e+00 1.768397430781458866e+02
3.070000000000000000e+02 3.335239379909631818e+00 -1.383862020082105904e+00 1.753158039700274173e+02
3.080000000000000000e+02 -3.920944148277739405e+00 -9.817779111347479937e-01 1.455961078083977895e+02
3.090000000000000000e+02 -3.162114548775635470e+00 -1.054839106953602723e+00 1.763355613360933773e+02
3.100000000000000000e+02 -2.313449489439626028e+00 -1.031985396831037738e+00 1.332315594209525784e+02
3.110000000000000000e+02 -1.477573574570778092e+00 -1.020219914938654160e+00 1.507684952517772956e+02
3.120000000000000000e+02 -8.566000876862202018e-01 -7.975036297441977506e-01 1.413609394267388382e+02
3.130000000000000000e+02 2.251083037273965415e-01 -8.093509796430916614e-01 1.705480674976471676e+02
3.140000000000000000e+02 1.084320074081162044e+00 -8.263490392720219679e-01 1.307249843366205369e+02
3.150000000000000000e+02 1.403786498092807866e+00 -1.310342844330405265e+00 1.225098304828425881e+02
3.160000000000000000e+02 1.901514600375824315e+00 -8.153528478125362522e-01 1.365164951210544189e+02
3.170000000000000000e+02 2.986706207414334902e+00 -1.280426812771656486e+00 1.608218155574724619e+02
3.180000000000000000e+02 3.973476735456177078e+00 -9.182857368128496400e-01 1.402296641477612980e+02
3.190000000000000000e+02 -3.585908081113547308e+00 -2.153873049930993266e-01 1.796835967394565614e+02
3.200000000000000000e+02 -2.762778068795948894e+00 -5.455246131513908914e-01 1.568704806785700612e+02
3.210000000000000000e+02 -2.342794822288358780e+00 -3.957367999505488898e-01 1.569902312911615638e+02
3.220000000000000000e+02 -1.425282207653249644e+00 -3.877806979951447519e-01 1.429348448490390524e+02
3.230000000000000000e+02 -9.539979888908345362e-01 -2.813420290666301948e-01 1.557093659080983343e+02
3.240000000000000000e+02 1.373573573838053896e-01 -4.064123594541896867e-01 1.748023881191290911e+02
3.250000000000000000e+02 1.061145995771686446e+00 -2.443023584185244346e-03 1.488727082979362422e+02
3.260000000000000000e+02 1.792365694224808514e+00 -1.348187880187003973e-01 1.264833835773211348e+02
3.270000000000000000e+02 2.535011359674139708e+00 -5.476600946666587699e-02 1.448837736040069331e+02
3.280000000000000000e+02 2.761981341161891645e+00 -3.047251601321376846e-01 1.647594721503036510e+02
3.290000000000000000e+02 3.424086121840225427e+00 -1.912023905893388553e-01 1.789067591453002137e+02
3.300000000000000000e+02 -3.329494593280978076e+00 6.043024511496312146e-01 1.352828815026697953e+02
3.310000000000000000e+02 -2.915669646315650176e+00 2.991363146339696688e-01 1.615444229589933229e+02
3.320000000000000000e+02 -2.529160934085549428e+00 2.441379683484707908e-01 1.443198463782595695e+02
3.330000000000000000e+02 -1.322027205611260303e+00 3.510963994445064906e-01 1.549448367644655491e+02
3.340000000000000000e+02 -5.201574126928989461e-01 3.451902464008402838e-01 1.454599200990996906e+02
3.350000000000000000e+02 3.070526707636308528e-01 2.283574021965463496e-01 1.361595746558945450e+02
3.360000000000000000e+02 9.030517801473451067e-01 5.888553861954388680e-01 1.295197299831995110e+02
3.370000000000000000e+02 1.114319798272367601e+00 3.512716648355527771e-01 1.278123541187876242e+02
3.380000000000000000e+02 2.254313364639240369e+00 3.034812929346360558e-02 1.734246311809680492e+02
3.390000000000000000e+02 2.631726985904169425e+00 1.368907544972737256e-01 1.679287457218849227e+02
3.400000000000000000e+02 3.314574602727865305e+00 3.833796952447503514e-01 1.302450822241549986e+02
3.410000000000000000e+02 -3.443925420737816268e+00 1.298018076902485607e+00 1.618432742467541630e+02
3.420000000000000000e+02 -2.809127219072702353e+00 7.457061700979794594e-01 1.414396074249933690e+02
3.430000000000000000e+02 -2.475379903973912832e+00 6.810924241903971721e-01 1.384738709488864004e+02
3.440000000000000000e+02 -1.806923037497605522e+00 7.955379925192826995e-01 1.329328764219876007e+02
3.450000000000000000e+02 -6.399892801181001900e-01 1.255521734487320851e+00 1.369735967241658443e+02
3.460000000000000000e+02 -3.431402659389657939e-01 7.969431620797919891e-01 1.361583961016087017e+02
3.470000000000000000e+02 3.941439537690127892e-01 1.011089257787645135e+00 1.287182541359359504e+02
3.480000000000000000e+02 1.626215841035451470e+00 8.671505608870696546e-01 1.469051501922364196e+02
3.490000000000000000e+02 2.128667076114471701e+00 9.790375109276615584e-01 1.644613846116363050e+02
3.500000000000000000e+02 3.207602231079291322e+00 1.287025185055270970e+00 1.295468547185124066e+02
3.510000000000000000e+02 3.799067936691098435e+00 1.205264061779093510e+00 1.344757232273353509e+02
3.520000000000000000e+02 -3.596607557580457915e+00 1.639025774036476202e+00 1.751651391207095401e+02
3.530000000000000000e+02 -2.823094057466381201e+00 1.929536546037246669e+00 1.406562074165136380e+02
3.540000000000000000e+02 -2.187864408516215775e+00 1.824604613010275322e+00 1.679805395198824272e+02
3.550000000000000000e+02 -1.306903288636135585e+00 1.973533433805485293e+00 1.776660386353032095e+02
3.560000000000000000e+02 -4.073256917809696676e-01 1.418242140057473177e+00 1.383880338920935742e+02
3.570000000000000000e+02 1.366045675375738844e-01 1.964136156746817852e+00 1.478601393749673321e+02
3.580000000000000000e+02 6.817690650370646921e-01 1.661010830186918863e+00 1.626253228163287474e+02
3.590000000000000000e+02 1.674679633625859587e+00 1.382418225541299783e+00 1.578171860467226963e+02
3.600000000000000000e+02 1.867635438548068016e+00 1.985469347255475192e+00 1.793954323869251937e+02
3.610000000000000000e+02 3.235471648480428009e+00 1.930044987197985895e+00 1.227559786080044262e+02
3.620000000000000000e+02 3.926103347429124479e+00 1.549359771078002046e+00 1.287117136704512461e+02
3.630000000000000000e+02 -3.852716465636431664e+00 2.531123229356922799e+00 1.447053822272615378e+02
3.640000000000000000e+02 -2.710622489390936085e+00 2.224125909808294832e+00 1.570384109534880963e+02
3.650000000000000000e+02 -2.216078918003724585e+00 2.102089159853956613e+00 1.785209660131539522e+02
3.660000000000000000e+02 -1.093771463646970865e+00 2.293977880288803117e+00 1.610988799437851640e+02
3.670000000000000000e+02 -1.033119265064957437e+00 2.320326101213297409e+00 1.776572873226369893e+02
3.680000000000000000e+02 -1.007457590712227957e-01 2.148718284138226853e+00 1.248705067244171261e+02
3.690000000000000000e+02 1.027901814256356738e+00 2.017002795816629668e+00 1.258036595184837410e+02
3.700000000000000000e+02 1.222767929316513680e+00 2.396312315592612485e+00 1.527082123077400979e+02
3.710000000000000000e+02 2.336558349801954204e+00 2.465218668934089141e+00 1.388645958327605001e+02
3.720000000000000000e+02 2.875536629029474156e+00 2.495276935812531960e+00 1.252478439420612517e+02
3.730000000000000000e+02 3.462273579460504624e+00 2.362569757522788194e+00 1.326169283603928761e+02
3.740000000000000000e+02 -3.902361366966761835e+00 2.895875777131259099e+00 1.746926255411465263e+02
3.750000000000000000e+02 -3.267524375405404857e+00 3.076486509794384538e+00 1.218218609166185047e+02
3.760000000000000000e+02 -1.909481413915790293e+00 2.687883519889378459e+00 1.604011854952698002e+02
3.770000000000000000e+02 -1.400117651663707719e+00 2.702486182980004426e+00 1.492885636651058974e+02
3.780000000000000000e+02 -6.434812483859961851e-01 2.840254292520633772e+00 1.367360414015983849e+02
3.790000000000000000e+02 -1.511287726047471358e-01 2.928932386633553264e+00 1.275787631181199941e+02
3.800000000000000000e+02 1.051747393774639328e+00 2.885790880455659568e+00 1.653658528841739326e+02
3.810000000000000000e+02 1.688702754467046319e+00 3.267908724764017947e+00 1.660263638758427476e+02
3.820000000000000000e+02 2.040383705595500086e+00 2.821780059127585005e+00 1.640099570640849720e+02
3.830000000000000000e+02 2.839184763529885025e+00 2.851127075941592981e+00 1.610728491207741229e+02
3.840000000000000000e+02 3.320003958263903154e+00 2.907356964163581470e+00 1.726088879933096507e+02
3.850000000000000000e+02 -3.838957457980307630e+00 3.395655855896358322e+00 1.409331055879694077e+02
3.860000000000000000e+02 -3.210921501851285775e+00 3.829074864423537505e+00 1.780785977917599894e+02
3.870000000000000000e+02 -2.511658753425225044e+00 3.850771178885126211e+00 1.392337364673146283e+02
3.880000000000000000e+02 -1.234312397354234481e+00 3.593251108029785534e+00 1.354357275293982923e+02
3.890000000000000000e+02 -7.883030338192050790e-01 3.451628397549821869e+00 1.585883227080355766e+02
3.900000000000000000e+02 2.562836885933933440e-01 3.748304736932192238e+00 1.694376857352838783e+02
3.910000000000000000e+02 7.543516184660195023e-01 3.424884335419708048e+00 1.606502807783956257e+02
3.920000000000000000e+02 1.798627778121277609e+00 3.493107001214802221e+00 1.442160255886245466e+02
3.930000000000000000e+02 2.066748256613605061e+00 3.631946417057223098e+00 1.270620293818961102e+02
3.940000000000000000e+02 3.039295589886351401e+00 3.619495429603682091e+00 1.738697033747440912e+02
3.950000000000000000e+02 3.614928094967766903e+00 3.618755565329150770e+00 1.481377032481454989e+02
3.960000000000000000e+02 -3.683394887872883494e+00 -3.833305135329542424e+00 1.988695209815410578e+02
3.970000000000000000e+02 -2.603575440081745906e+00 -3.949567369459472399e+00 2.016898676404427135e+02
3.980000000000000000e+02 -2.381013879341109529e+00 -3.396109958447852684e+00 2.163082028159940648e+02
3.990000000000000000e+02 -1.544315410669792499e+00 -3.649891844286750509e+00 2.108568317243532988e+02
4.000000000000000000e+02 -6.534774624903144646e-01 -3.413277754964967770e+00 1.901460047988349515e+02
4.010000000000000000e+02 -2.963214323558521768e-02 -3.563061168628826270e+00 2.128625361993568674e+02
4.020000000000000000e+02 6.694439889338978933e-01 -3.717265383395112810e+00 1.885617197666176139e+02
4.030000000000000000e+02 1.174041578494705584e+00 -3.639177271604423058e+00 2.259884458690240479e+02
4.040000000000000000e+02 1.992575920570290204e+00 -3.717094112685710439e+00 2.291044820398642230e+02
4.050000000000000000e+02 2.906551636557179297e+00 -3.639906384430430020e+00 1.980698249390133583e+02
4.060000000000000000e+02 3.734642628243233453e+00 -3.669787920998365482e+00 2.140247352049065626e+02
4.070000000000000000e+02 -3.580818512773659368e+00 -3.148452671516006163e+00 2.399636248603503930e+02
4.080000000000000000e+02 -2.665032415612980099e+00 -3.317730078981328212e+00 2.221265364363321737e+02
4.090000000000000000e+02 -2.400839523742031911e+00 -2.866588025150430319e+00 2.053268743155247478e+02
4.100000000000000000e+02 -1.134790063294539575e+00 -2.999748886899840095e+00 1.892647087723973129e+02
4.110000000000000000e+02 -6.451740834472253772e-01 -3.142327204340745528e+00 2.167333190561570575e+02
4.120000000000000000e+02 -3.212728012696572932e-01 -2.978193558238772631e+00 2.146195932881343822e+02
4.130000000000000000e+02 9.301308634178631074e-01 -3.046361963362969494e+00 1.878608432521455995e+02
4.140000000000000000e+02 1.322116113585776187e+00 -2.835786839653628544e+00 1.976636744692598313e+02
4.150000000000000000e+02 2.314566830292072552e+00 -3.144503174224157593e+00 1.854589972704519312e+02
4.160000000000000000e+02 2.730890652985917821e+00 -2.819274510043001225e+00 2.113125104170102588e+02
4.170000000000000000e+02 3.840078715489374961e+00 -3.039130549019447347e+00 1.883090806790323199e+02
4.180000000000000000e+02 -3.670279438536220518e+00 -2.609188393536157946e+00 1.824903017868994368e+02
4.190000000000000000e+02 -2.558626487920979020e+00 -2.600591016119636834e+00 2.019023954381542296e+02
4.200000000000000000e+02 -2.502833211209298803e+00 -2.555086035128365740e+00 2.219809727929658720e+02
4.210000000000000000e+02 -1.335495621009538114e+00 -2.010709234733089268e+00 1.847811183651686520e+02
4.220000000000000000e+02 -8.463003224685093917e-01 -2.409180311561155641e+00 2.223994444374205273e+02
4.230000000000000000e+02 -3.127796218625340519e-01 -2.253930111055446606e+00 2.128572717553614098e+02
4.240000000000000000e+02 1.018424479066867727e+00 -2.060470354708399565e+00 2.250626376710656587e+02
4.250000000000000000e+02 1.148582793772174426e+00 -2.636291402765375214e+00 2.209180833397424806e+02
4.260000000000000000e+02 2.098267088940768854e+00 -2.652547915246098675e+00 1.890339079938835596e+02
4.270000000000000000e+02 3.064845792743930541e+00 -2.098936617367115787e+00 1.955355683956695145e+02
4.280000000000000000e+02 3.273993757937704085e+00 -2.136041102297816963e+00 2.302534006369402562e+02
4.290000000000000000e+02 -3.376452343320355709e+00 -1.486346929562368802e+00 2.220376591528582821e+02
4.300000000000000000e+02 -3.025485526999469155e+00 -1.689194857418720996e+00 2.061141765338580853e+02
4.310000000000000000e+02 -2.052141394258423013e+00 -1.658706492525595433e+00 2.084867080705299145e+02
4.320000000000000000e+02 -1.219216636528201336e+00 -1.608993169150236158e+00 2.288749431120707527e+02
4.330000000000000000e+02 -7.291068467784449503e-01 -1.843133530725962643e+00 2.176849890873764650e+02
4.340000000000000000e+02 -3.072657843523566856e-01 -1.519516476497368096e+00 1.852972257360381434e+02
4.350000000000000000e+02 5.821849544257849951e-01 -1.335051071038572124e+00 1.810264240170917844e+02
4.360000000000000000e+02 1.559929511236046951e+00 -1.828264394762101341e+00 2.090333213326540829e+02
4.370000000000000000e+02 2.227478117861176443e+00 -1.476211022565204534e+00 2.057777391377415199e+02
4.380000000000000000e+02 2.955928738574946202e+00 -1.780040467355201939e+00 2.329244070977416641e+02
4.390000000000000000e+02 3.282021147319688748e+00 -1.839072229329459462e+00 1.906547359040794731e+02
4.400000000000000000e+02 -3.336468563031504520e+00 -8.805568223852225929e-01 2.208774024079793037e+02
4.410000000000000000e+02 -2.987397863220550676e+00 -1.293517911495747130e+00 1.963175256685481713e+02
4.420000000000000000e+02 -2.168447975551222040e+00 -8.191797166056906665e-01 1.963152170885664418e+02
4.430000000000000000e+02 -1.401665058722140422e+00 -1.018274767072950837e+00 2.111350074005733291e+02
4.440000000000000000e+02 -4.930906380219031160e-01 -8.839674969902935331e-01 1.867766088262459050e+02
4.450000000000000000e+02 1.491213264505316660e-01 -1.084196168124156312e+00 2.162386026475803646e+02
4.460000000000000000e+02 9.012960602184688641e-01 -1.148169538832900294e+00 2.200366370649749115e+02
4.470000000000000000e+02 1.422327964230575947e+00 -1.023994726112129827e+00 2.076036049076714392e+02
4.480000000000000000e+02 2.266288206195762989e+00 -1.099300560430018114e+00 2.245476948186276900e+02
4.490000000000000000e+02 3.061141702256612085e+00 -1.136493922671999224e+00 2.071901352123489062e+02
4.500000000000000000e+02 3.904544293451504444e+00 -9.342490474485312113e-01 2.238420794260418631e+02
4.510000000000000000e+02 -3.921460256802228983e+00 -5.292406864553799162e-01 1.818492168068607668e+02
4.520000000000000000e+02 -2.793069662053490276e+00 -4.855944865891111961e-01 2.078671565806464514e+02
4.530000000000000000e+02 -1.924137822485894489e+00 -5.169147803176044054e-02 2.211442160317689059e+02
4.540000000000000000e+02 -1.175729182715130161e+00 -2.453738534196729937e-01 2.366926022745506657e+02
4.550000000000000000e+02 -7.404174370974199171e-01 -3.811935493094025240e-01 1.896343420314242962e+02
4.560000000000000000e+02 -3.381069723768584945e-01 -5.644823691307078173e-01 2.379145296422053661e+02
4.570000000000000000e+02 7.358094112120162622e-01 -4.681746095127260476e-01 2.040972874478768802e+02
4.580000000000000000e+02 1.790331547721338179e+00 -5.348701365978222322e-01 2.291383020110935718e+02
4.590000000000000000e+02 2.278129271408301015e+00 -2.293315526251672454e-01 2.309366369815634243e+02
4.600000000000000000e+02 2.553351025573971089e+00 -6.120019468341925117e-01 2.205305238838475361e+02
4.610000000000000000e+02 3.441889448983454169e+00 -4.153171303241220969e-01 2.051824867701485289e+02
4.620000000000000000e+02 -3.697960009404003934e+00 3.524308430306172246e-01 1.815493879460589994e+02
4.630000000000000000e+02 -2.799823050195013430e+00 4.339618996165200970e-01 2.205289091513397466e+02
4.640000000000000000e+02 -1.844281360976707029e+00 4.071629422578724733e-01 1.870774634296438421e+02
4.650000000000000000e+02 -1.309573880694785419e+00 3.658026317807366312e-01 1.848608990532298435e+02
4.660000000000000000e+02 -8.195289549295494691e-01 4.660183028526498905e-01 2.021146646231617865e+02
4.670000000000000000e+02 2.570996176773635566e-01 2.225339853211580898e-01 2.122372120895697094e+02
4.680000000000000000e+02 6.285022897906893391e-01 1.184742920995492527e-01 2.151516726271957509e+02
4.690000000000000000e+02 1.152329253733712200e+00 6.250258631031438972e-01 2.060574919946761838e+02
4.700000000000000000e+02 2.176259360852578428e+00 2.881918474185381496e-01 1.838543863431587226e+02
4.710000000000000000e+02 2.990595227954931268e+00 5.104152129648238390e-01 1.871309744740485144e+02
4.720000000000000000e+02 3.997800739871764097e+00 5.588628876252301758e-01 1.898618444273537307e+02
4.730000000000000000e+02 -3.683126014639014567e+00 8.267143807794563592e-01 2.035307388618061566e+02
4.740000000000000000e+02 -3.244053230759170958e+00 1.184774192607505050e+00 2.128208449334248655e+02
4.750000000000000000e+02 -1.855119088530488458e+00 1.129808879440071134e+00 2.333656261437244268e+02
4.760000000000000000e+02 -1.326770218502405063e+00 1.144455817173771317e+00 2.268681495620322153e+02
4.770000000000000000e+02 -6.473249136203171883e-01 9.499092418987062914e-01 1.968318671865709746e+02
4.780000000000000000e+02 -9.090842392250697568e-02 8.115638016879962446e-01 2.093703664840281817e+02
4.790000000000000000e+02 9.955838563951783238e-01 8.578261002951452774e-01 1.924502027879954085e+02
4.800000000000000000e+02 1.294811473592568873e+00 1.284402962460037489e+00 1.939387278804255459e+02
4.810000000000000000e+02 1.908672317775514937e+00 1.328453870775431422e+00 2.333641196355621616e+02
4.820000000000000000e+02 2.926846961083440668e+00 1.215814306952381463e+00 2.273080940824402774e+02
4.830000000000000000e+02 3.907023011071128593e+00 1.040628723302983172e+00 2.279420694671868830e+02
4.840000000000000000e+02 -3.967098622748987502e+00 1.804967712536063917e+00 2.165905435036468987e+02
4.850000000000000000e+02 -2.585288300872081280e+00 1.887703803639389388e+00 1.884564613396796346e+02
4.860000000000000000e+02 -2.122254296584950239e+00 1.739289079875258270e+00 2.266493936979419459e+02
4.870000000000000000e+02 -1.158066180766855524e+00 1.773102166528270685e+00 1.978712033353596951e+02
4.880000000000000000e+02 -5.852134946150159278e-01 1.896736446240752993e+00 1.852800378956778502e+02
4.890000000000000000e+02 -3.432939195936349219e-01 1.662058308028973475e+00 2.094748620074011001e+02
4.900000000000000000e+02 4.890885967761728903e-01 1.354148846606384238e+00 1.966327981261464117e+02
4.910000000000000000e+02 1.725018244380021937e+00 1.741203648315078123e+00 1.988982668563652396e+02
4.920000000000000000e+02 1.855264387228704681e+00 1.868212807419953769e+00 1.825444975589088870e+02
4.930000000000000000e+02 3.002135052892227929e+00 1.759535434221324968e+00 2.288011772450869614e+02
4.940000000000000000e+02 3.673727356147738377e+00 1.868444232149576667e+00 2.288283153355710908e+02
4.950000000000000000e+02 -3.420089807903678558e+00 2.028233581376881478e+00 1.945557748054170304e+02
4.960000000000000000e+02 -2.906100289876096365e+00 2.307547635945324860e+00 2.211730333813181630e+02
4.970000000000000000e+02 -2.345217876428548731e+00 2.546993438074105498e+00 1.948403362112238142e+02
4.980000000000000000e+02 -1.566322343162867892e+00 2.204199514312227937e+00 2.174423103273922493e+02
4.990000000000000000e+02 -1.085156041085901135e+00 2.000831417147409308e+00 2.216170401846524385e+02
5.000000000000000000e+02 3.465497867941893517e-01 2.521898808515343759e+00 2.287256751565032857e+02
5.010000000000000000e+02 5.276376232979851366e-01 2.096497880328674235e+00 1.881859100219726031e+02
5.020000000000000000e+02 1.429933538039192209e+00 2.082098956035113968e+00 1.849533808806024808e+02
5.030000000000000000e+02 2.479696501717570722e+00 2.421622096823197179e+00 2.012801709809465365e+02
5.040000000000000000e+02 2.985618236416149429e+00 2.278370103378327460e+00 2.066560418651476141e+02
5.050000000000000000e+02 3.313609090152851877e+00 2.218822112716476003e+00 2.261892528343470872e+02
5.060000000000000000e+02 -3.419073917141068453e+00 3.086674411964016151e+00 2.153265106105918676e+02
5.070000000000000000e+02 -2.788966368643755800e+00 3.121524560069279808e+00 1.844421007652162814e+02
5.080000000000000000e+02 -1.845259307574278917e+00 3.127970022885486756e+00 2.254454637989691150e+02
5.090000000000000000e+02 -1.215624845518522790e+00 3.032617341292648039e+00 2.219182248108051567e+02
5.100000000000000000e+02 -5.484035229501500464e-01 2.821934149144802007e+00 2.131750720682374833e+02
5.110000000000000000e+02 1.805100258540422997e-01 3.230834775583438123e+00 2.213523768141287462e+02
5.120000000000000000e+02 6.867961418277122032e-01 2.877478840057552834e+00 2.126987776041703739e+02
5.130000000000000000e+02 1.623444713824144348e+00 2.986753400357012200e+00 1.964865228574581124e+02
5.140000000000000000e+02 2.333106344363951035e+00 2.910128571287604160e+00 2.152336441440301087e+02
5.150000000000000000e+02 3.190569896247826165e+00 3.025097610307063256e+00 1.932232525754336621e+02
5.160000000000000000e+02 3.670074371583367245e+00 2.716707114925887900e+00 1.975128991990702616e+02
5.170000000000000000e+02 -3.608243164088746902e+00 3.403027573949166218e+00 2.335866439542984949e+02
5.180000000000000000e+02 -2.772534244708115381e+00 3.620379564804617090e+00 2.185010016749421311e+02
5.190000000000000000e+02 -2.306593850553159797e+00 3.643245253014933738e+00 2.252890417353502812e+02
5.200000000000000000e+02 -1.214715931442574615e+00 3.525507749023558457e+00 2.186897630811956503e+02
5.210000000000000000e+02 -9.879105942000208085e-01 3.783037073480378876e+00 2.007102425585073604e+02
5.220000000000000000e+02 7.774803630755111605e-02 3.820284541183603721e+00 2.158678600239719572e+02
5.230000000000000000e+02 5.538951827795910443e-01 3.467885607559221928e+00 2.088068383414775155e+02
5.240000000000000000e+02 1.787082981348507404e+00 3.441602306522101529e+00 1.825056051626551721e+02
5.250000000000000000e+02 1.917443164136485301e+00 3.992752089318789555e+00 2.319795260325109894e+02
5.260000000000000000e+02 2.985957947552294822e+00 3.413534923867218573e+00 2.155308699480918335e+02
5.270000000000000000e+02 3.637134282709687305e+00 3.520174227037354164e+00 2.343381795240927659e+02
5.280000000000000000e+02 -3.501772142133917853e+00 -3.395231129198723163e+00 2.435882612401053109e+02
5.290000000000000000e+02 -3.056659851302794273e+00 -3.818107701949301269e+00 2.961156068719558334e+02
5.300000000000000000e+02 -1.969149239993627010e+00 -3.358234796945160028e+00 2.455811165593226519e+02
5.310000000000000000e+02 -1.722433147919425256e+00 -3.610478491637958420e+00 2.444716260550421794e+02
5.320000000000000000e+02 -6.500788127494725455e-01 -3.871432103989875806e+00 2.914902303354057267e+02
5.330000000000000000e+02 -8.653627450761225415e-02 -3.962115500359512765e+00 2.440720928421219185e+02
5.340000000000000000e+02 4.044456052859333184e-01 -3.886939472544474583e+00 2.417696669564007266e+02
5.350000000000000000e+02 1.706920831993290921e+00 -3.925167051369931936e+00 2.527258410243359208e+02
5.360000000000000000e+02 2.380524854991330930e+00 -3.485212737767591218e+00 2.661756304046413675e+02
5.370000000000000000e+02 2.873669103632800148e+00 -3.547565506229430454e+00 2.804133836583292236e+02
5.380000000000000000e+02 3.680222668054791590e+00 -3.948901642852534977e+00 2.785868370790883546e+02
5.390000000000000000e+02 -3.658369696588063213e+00 -3.307137013188245156e+00 2.875419010232340042e+02
5.400000000000000000e+02 -2.689732876421880192e+00 -3.261261058512134881e+00 2.643891211828628229e+02
5.410000000000000000e+02 -2.361940129217293460e+00 -2.804776261492570644e+00 2.515230818092870493e+02
5.420000000000000000e+02 -1.280292040265228692e+00 -2.755980211121594081e+00 2.722665327895919063e+02
5.430000000000000000e+02 -4.754128920153160021e-01 -3.241342934967695655e+00 2.509953434475220320e+02
5.440000000000000000e+02 -2.434971773637458758e-01 -2.736587546458078002e+00 2.642826756542198154e+02
5.450000000000000000e+02 3.734053722865037783e-01 -3.198957119129178572e+00 2.565942372482411429e+02
5.460000000000000000e+02 1.459141721684511950e+00 -2.792144557097756330e+00 2.906029948820595337e+02
5.470000000000000000e+02 2.041312355599049777e+00 -2.680871274373358926e+00 2.471655935553843619e+02
5.480000000000000000e+02 2.721295077433650622e+00 -2.804629988171570165e+00 2.787593916084904890e+02
5.490000000000000000e+02 3.923898794436886828e+00 -2.897339037326359446e+00 2.819389662276671515e+02
5.500000000000000000e+02 -3.614596477248576800e+00 -2.588251693952424937e+00 2.416065584816960268e+02
5.510000000000000000e+02 -2.704882431440006840e+00 -2.194072102906815314e+00 2.712810120596225261e+02
5.520000000000000000e+02 -2.363881263469179039e+00 -2.226090548692080784e+00 2.596542829298858237e+02
5.530000000000000000e+02 -1.334822923915356840e+00 -2.581770003629433319e+00 2.887279640547735653e+02
5.540000000000000000e+02 -7.518009934772259539e-01 -2.234021076228416280e+00 2.562563491107119944e+02
5.550000000000000000e+02 1.813430014823498304e-01 -2.380118043176351783e+00 2.992929405907385672e+02
5.560000000000000000e+02 4.405432979835419149e-01 -2.522402332561491267e+00 2.977150848326716641e+02
5.570000000000000000e+02 1.227156635159525555e+00 -2.160962286288176326e+00 2.551797806585774708e+02
5.580000000000000000e+02 2.324845245727876097e+00 -2.293448682233401481e+00 2.618740848955033584e+02
5.590000000000000000e+02 3.118854303001312278e+00 -2.175376859998892076e+00 2.978597489429157008e+02
5.600000000000000000e+02 3.593847361565355225e+00 -2.571032741179094305e+00 2.782510063235811799e+02
5.610000000000000000e+02 -3.305014687861905109e+00 -1.837195901434373724e+00 2.709228153987530732e+02
5.620000000000000000e+02 -3.086377396693213537e+00 -1.976364339444373730e+00 2.674372477875678555e+02
5.630000000000000000e+02 -2.135397623965569203e+00 -1.981395538493821773e+00 2.548795101421252980e+02
5.640000000000000000e+02 -1.482502009057157233e+00 -1.715438335665552927e+00 2.878128090265108767e+02
5.650000000000000000e+02 -1.079944534723543681e+00 -1.687238008477546458e+00 2.675426654581303865e+02
5.660000000000000000e+02 9.251938397833786576e-02 -1.436417763414077786e+00 2.891859186339481198e+02
5.670000000000000000e+02 8.475776554571532451e-01 -1.771587954825094124e+00 2.954162981146653806e+02
5.680000000000000000e+02 1.514770136185443983e+00 -1.638192410510673325e+00 2.449044768146705451e+02
5.690000000000000000e+02 1.907007897424479737e+00 -1.621095929715784090e+00 2.659972389684398308e+02
5.700000000000000000e+02 2.610161322624284352e+00 -1.336061004123990870e+00 2.724301988327633808e+02
5.710000000000000000e+02 3.965870360949415474e+00 -1.494242955945239704e+00 2.671753572015541636e+02
5.720000000000000000e+02 -3.592373635620233152e+00 -1.332699457891404204e+00 2.940371823924887167e+02
5.730000000000000000e+02 -3.108062988212495714e+00 -1.216190219891250646e+00 2.465893607069527320e+02
5.740000000000000000e+02 -1.967638569005143001e+00 -1.010459474961173276e+00 2.753258093440244352e+02
5.750000000000000000e+02 -1.552923926458947168e+00 -1.073211053986538044e+00 2.996273377215275104e+02
5.760000000000000000e+02 -9.079246196044914452e-01 -1.133393262767650844e+00 2.725542460150448960e+02
5.770000000000000000e+02 -2.606157612754668174e-01 -1.084247237073496795e+00 2.435204141112913305e+02
5.780000000000000000e+02 5.465086294032887038e-01 -1.199058018536037329e+00 2.734196414529839103e+02
5.790000000000000000e+02 1.397310456857639549e+00 -1.069619068594536371e+00 2.623930769010540871e+02
5.800000000000000000e+02 2.171198334775862548e+00 -7.017525057411102551e-01 2.572168714772620319e+02
5.810000000000000000e+02 2.644297569849467511e+00 -1.057420376052996547e+00 2.909334073927468580e+02
5.820000000000000000e+02 3.858543572342823413e+00 -1.326168979882703214e+00 2.852788143604158222e+02
5.830000000000000000e+02 -3.915589863824827432e+00 -5.847789493184061271e-01 2.617031903660792409e+02
5.840000000000000000e+02 -2.732501950369119914e+00 -1.324357177225643500e-01 2.902938521113573529e+02
5.850000000000000000e+02 -2.379248563290899288e+00 -4.740368610742805577e-01 2.463486348537483934e+02
5.860000000000000000e+02 -1.129878275059235104e+00 -3.868912416070257598e-01 2.443960828117813833e+02
5.870000000000000000e+02 -5.407887787211430597e-01 -2.361700679721659979e-01 2.426506314264483990e+02
5.880000000000000000e+02 3.105306380652507192e-01 -1.770708969876960692e-01 2.642385617421900861e+02
5.890000000000000000e+02 6.652917340725014173e-01 -5.581972870115968766e-01 2.728361963421343717e+02
5.900000000000000000e+02 1.157766299301372648e+00 -6.546642736659338269e-01 2.821953631683907133e+02
5.910000000000000000e+02 1.956687173447264616e+00 -3.330951272940961827e-01 2.924690819773848034e+02
5.920000000000000000e+02 2.590633916329926123e+00 -3.474423376204938130e-02 2.810096333590490190e+02
5.930000000000000000e+02 3.543312302724577645e+00 -6.479200126886540678e-01 2.881816078565437351e+02
5.940000000000000000e+02 -3.493783483695098724e+00 3.282091226117352933e-01 2.991185715463745964e+02
5.950000000000000000e+02 -2.551683675706903465e+00 1.793498574534411194e-01 2.672353359873610543e+02
5.960000000000000000e+02 -2.125065657234192162e+00 5.115646731220387933e-01 2.412638898671866059e+02
5.970000000000000000e+02 -1.277860652314797285e+00 3.532300410286084991e-01 2.597618326576756544e+02
5.980000000000000000e+02 -5.635671779209757704e-01 1.113538071739653273e-01 2.608031806744656933e+02
5.990000000000000000e+02 -2.789655618049218244e-01 1.558983514039876950e-01 2.895127772792341148e+02
6.000000000000000000e+02 7.274769214245695448e-01 1.136399824202335707e-01 2.986462611451520957e+02
6.010000000000000000e+02 1.473585847438949603e+00 3.732890037266638483e-01 2.943870698717735195e+02
6.020000000000000000e+02 2.130238546708336234e+00 7.178600255667122454e-02 2.999988861051884328e+02
6.030000000000000000e+02 3.247467315590158332e+00 4.606333117443309755e-01 2.781653670138570078e+02
6.040000000000000000e+02 3.529555891666915635e+00 3.369938948255091771e-01 2.431743521584296275e+02
6.050000000000000000e+02 -3.397027599027058198e+00 1.046112763556935388e+00 2.539642327907338597e+02
6.060000000000000000e+02 -3.234037644808915868e+00 8.769538905447696875e-01 2.988893968086964605e+02
6.070000000000000000e+02 -2.414669118896264344e+00 8.343442338640945088e-01 2.526076528439122910e+02
6.080000000000000000e+02 -1.322609632056045426e+00 1.172048451743363362e+00 2.872193080765792388e+02
6.090000000000000000e+02 -6.468060784112550365e-01 1.006556269476480026e+00 2.712977628245759547e+02
6.100000000000000000e+02 -6.341046145664536171e-02 9.885831366452735303e-01 2.523132682048922959e+02
6.110000000000000000e+02 8.905602159698260412e-01 1.119471996598494723e+00 2.733513900005117989e+02
6.120000000000000000e+02 1.509800140718876360e+00 1.053623892186380528e+00 2.814198731616191367e+02
6.130000000000000000e+02 2.328639293925585552e+00 7.441764448429114553e-01 2.865707027152940896e+02
6.140000000000000000e+02 3.231310835582055674e+00 7.186423164364305061e-01 2.843055183598406757e+02
6.150000000000000000e+02 3.690286267956595090e+00 7.325041813570762894e-01 2.682239691805040707e+02
6.160000000000000000e+02 -3.562945599691912157e+00 1.999314168375844858e+00 2.465243814261054069e+02
6.170000000000000000e+02 -3.267961366191978634e+00 1.624247681881146654e+00 2.470994121357507254e+02
6.180000000000000000e+02 -2.058363908356395822e+00 1.486280102908531964e+00 2.552299956823718787e+02
6.190000000000000000e+02 -1.349566097440561219e+00 1.662177924763512671e+00 2.982447994962689108e+02
6.200000000000000000e+02 -8.425115954002013741e-01 1.429359779732611413e+00 2.607625583298382708e+02
6.210000000000000000e+02 -8.514361156872396474e-02 1.673888041384143932e+00 2.715125953096512603e+02
6.220000000000000000e+02 3.742019404436123242e-01 1.699425308767188003e+00 2.948472096243999090e+02
6.230000000000000000e+02 1.495414534187823774e+00 1.738832640925406459e+00 2.465807903764427920e+02
6.240000000000000000e+02 2.469994566686536164e+00 1.735729493378000088e+00 2.487222527831118555e+02
6.250000000000000000e+02 2.690008449396127155e+00 1.496639410107371448e+00 2.834281082736553117e+02
6.260000000000000000e+02 3.397650801642440488e+00 1.742971964183732680e+00 2.633956840845798411e+02
6.270000000000000000e+02 -3.358210150352189061e+00 2.633733114361159089e+00 2.716435879171858119e+02
6.280000000000000000e+02 -3.252995896414166754e+00 2.060261176636443814e+00 2.611999317898351478e+02
6.290000000000000000e+02 -2.470812454175128625e+00 2.021724627424057896e+00 2.612356533670365479e+02
6.300000000000000000e+02 -1.722281994856567744e+00 2.557998547236436160e+00 2.663489192470021294e+02
6.310000000000000000e+02 -4.409866502656812903e-01 2.658308611772053798e+00 2.882650346910577355e+02
6.320000000000000000e+02 1.554515175391145698e-01 2.657137402834727880e+00 2.730016034456690477e+02
6.330000000000000000e+02 5.830961668156835476e-01 2.562394462555340535e+00 2.583315799705561631e+02
6.340000000000000000e+02 1.305377912657132100e+00 2.391812145794206756e+00 2.978644883476987388e+02
6.350000000000000000e+02 1.948775460100440338e+00 2.243925433488557886e+00 2.759416827834824630e+02
6.360000000000000000e+02 2.941029104914971715e+00 2.133196239722176202e+00 2.574520426787602787e+02
6.370000000000000000e+02 3.444404055335896331e+00 2.017242765470237398e+00 2.826114817839878128e+02
6.380000000000000000e+02 -3.697099971245331407e+00 2.812966475077593564e+00 2.526672727152090943e+02
6.390000000000000000e+02 -2.634313994430283579e+00 2.840718239294480973e+00 2.411943216217785277e+02
6.400000000000000000e+02 -2.513697927133518473e+00 3.103142824870205096e+00 2.542887544127113131e+02
6.410000000000000000e+02 -1.259187902227088873e+00 2.695528006241827867e+00 2.562981602896636559e+02
6.420000000000000000e+02 -6.476439928345779640e-01 2.776710665143583334e+00 2.872396127683983877e+02
6.430000000000000000e+02 -1.627459196619830684e-01 2.727002079774576870e+00 2.487385900995555517e+02
6.440000000000000000e+02 4.383023363318784282e-01 3.167075440589699031e+00 2.700542204810036537e+02
6.450000000000000000e+02 1.231888196873576202e+00 3.037122417300758048e+00 2.904498906487156091e+02
6.460000000000000000e+02 1.981110939244697278e+00 3.188369754840807868e+00 2.510146111952037131e+02
6.470000000000000000e+02 3.062601798760414606e+00 2.717587797376797454e+00 2.859538418169415195e+02
6.480000000000000000e+02 3.285872489785726103e+00 3.161417293339600754e+00 2.976011138939007878e+02
6.490000000000000000e+02 -3.391501860435963245e+00 3.968091314064364550e+00 2.438416852595593980e+02
6.500000000000000000e+02 -2.928334946005087591e+00 3.976957247348687829e+00 2.406127587053408377e+02
6.510000000000000000e+02 -2.173129177451643912e+00 3.502625282329790757e+00 2.970844032915271100e+02
6.520000000000000000e+02 -1.376466205574500279e+00 3.661913683683012177e+00 2.433602606002343691e+02
6.530000000000000000e+02 -7.277267784158973907e-01 3.584517466977459321e+00 2.707345533180348411e+02
6.540000000000000000e+02 -2.161708875837823618e-01 3.408759042089835489e+00 2.847706721390724738e+02
6.550000000000000000e+02 1.081178541483876820e+00 3.354658960091604580e+00 2.467347063491232291e+02
6.560000000000000000e+02 1.546340941755093734e+00 3.671153921598390824e+00 2.758249429839746654e+02
6.570000000000000000e+02 2.480243127705874073e+00 3.676034766229826722e+00 2.637874732792180339e+02
6.580000000000000000e+02 3.115659127905564318e+00 3.350194920998637915e+00 2.620779902421323868e+02
6.590000000000000000e+02 3.439648340344144462e+00 3.758451927544263160e+00 2.465346587814237296e+02
6.600000000000000000e+02 -3.509794414253186723e+00 -3.476653991616401651e+00 3.105413425701934216e+02
6.610000000000000000e+02 -2.783427553171132107e+00 -3.507751880361742014e+00 3.272305937058748668e+02
6.620000000000000000e+02 -2.457507341107251442e+00 -3.879689402002665322e+00 3.530271268511747280e+02
6.630000000000000000e+02 -1.449803224560019199e+00 -3.443628344528593566e+00 3.595738169603395136e+02
6.640000000000000000e+02 -1.071937319553977641e+00 -3.726190161811453461e+00 3.374450634807151914e+02
6.650000000000000000e+02 -1.807886132326921580e-01 -3.738491359644439793e+00 3.424657682485525356e+02
6.660000000000000000e+02 1.031649696810471584e+00 -3.662537301732806228e+00 3.305923129356830827e+02
6.670000000000000000e+02 1.451084950510557858e+00 -3.398277536960260914e+00 3.358798191714475934e+02
6.680000000000000000e+02 2.306823790640646799e+00 -3.979274228461300744e+00 3.427231649156977937e+02
6.690000000000000000e+02 3.217058834122684452e+00 -3.691832159722677087e+00 3.294851466660871324e+02
6.700000000000000000e+02 3.875591958495038014e+00 -3.969922393650521464e+00 3.029419141989029640e+02
6.710000000000000000e+02 -3.822075027565922323e+00 -3.211319301303006135e+00 3.568789539664987842e+02
6.720000000000000000e+02 -2.984203349900095947e+00 -3.227542511232957434e+00 3.162794048665325022e+02
6.730000000000000000e+02 -2.032714691934499385e+00 -3.074887773916826550e+00 3.338769955167361445e+02
6.740000000000000000e+02 -1.137010804202479575e+00 -3.022672746765256324e+00 3.134048393580162610e+02
6.750000000000000000e+02 -5.039528156394170733e-01 -2.955397746991463848e+00 3.552378416525140779e+02
6.760000000000000000e+02 1.774096712138096832e-01 -2.872839752607672104e+00 3.399355954402169004e+02
6.770000000000000000e+02 9.163997052521256625e-01 -3.167108859966341061e+00 3.560212039524793681e+02
6.780000000000000000e+02 1.216503971965201991e+00 -3.316435046644929940e+00 3.278221513409238810e+02
6.790000000000000000e+02 2.111316495567973739e+00 -2.691611417641178949e+00 3.403544177909971609e+02
6.800000000000000000e+02 2.712080154273743826e+00 -2.699052578123328328e+00 3.023242034513942258e+02
6.810000000000000000e+02 3.443681371142663483e+00 -2.860044475438749068e+00 3.408846217234867026e+02
6.820000000000000000e+02 -3.492841134273072523e+00 -2.128436188645607352e+00 3.422482621865157739e+02
6.830000000000000000e+02 -2.701055795239719171e+00 -2.395896367273478766e+00 3.281158237939441733e+02
6.840000000000000000e+02 -2.324173680327881186e+00 -2.244654229648312516e+00 3.266495295812734412e+02
6.850000000000000000e+02 -1.451230975474117724e+00 -2.330229824493038393e+00 3.135383946583825718e+02
6.860000000000000000e+02 -6.198682864335420817e-01 -2.111589782916207803e+00 3.556668572228882681e+02
6.870000000000000000e+02 2.841643804778304361e-01 -2.631828624805189420e+00 3.041004816159051529e+02
6.880000000000000000e+02 9.604686560842176091e-01 -2.387067957951352959e+00 3.078719321270262412e+02
6.890000000000000000e+02 1.463118224129250411e+00 -2.630069056625740309e+00 3.030672673976523583e+02
6.900000000000000000e+02 2.283104347170374027e+00 -2.349635017483911348e+00 3.366243641215618823e+02
6.910000000000000000e+02 2.664738411751323977e+00 -2.538640369952903875e+00 3.021108048081827633e+02
6.920000000000000000e+02 3.822207128928387654e+00 -2.100840939355275605e+00 3.531777747588230341e+02
6.930000000000000000e+02 -3.341104749411810459e+00 -1.609608898887480821e+00 3.057866727583622719e+02
6.940000000000000000e+02 -2.697838860518469328e+00 -1.413489857801757843e+00 3.447625722533522321e+02
6.950000000000000000e+02 -2.264797921833709093e+00 -1.780223769398250111e+00 3.229461702087217532e+02
6.960000000000000000e+02 -1.664257154637018399e+00 -1.954089487851320639e+00 3.114147254127137785e+02
6.970000000000000000e+02 -6.414033294465835144e-01 -1.593423978120039441e+00 3.501245801659483732e+02
6.980000000000000000e+02 -3.354054245414722635e-02 -1.815917353599044715e+00 3.167952505932593112e+02
6.990000000000000000e+02 4.209974867175688695e-01 -1.718484057337002380e+00 3.228528437972159395e+02
7.000000000000000000e+02 1.180376478236878635e+00 -1.377590289670506785e+00 3.039057074216997307e+02
7.010000000000000000e+02 2.366186334850072015e+00 -1.504119474871106199e+00 3.450561743271922523e+02
7.020000000000000000e+02 2.671725888761440348e+00 -1.687139512209952841e+00 3.133124774674786295e+02
7.030000000000000000e+02 3.966917697698643330e+00 -1.380654642859596049e+00 3.266419707465738611e+02
7.040000000000000000e+02 -3.298981671627464696e+00 -1.256010992775234314e+00 3.290600525042895583e+02
7.050000000000000000e+02 -3.030493997544532192e+00 -7.898762387145742414e-01 3.360830662925915817e+02
7.060000000000000000e+02 -2.023457280513861978e+00 -1.202079418430376245e+00 3.549119770472030950e+02
7.070000000000000000e+02 -1.457734959347271486e+00 -1.123536239206240017e+00 3.412336383495631935e+02
7.080000000000000000e+02 -4.713277268654880725e-01 -8.514099004028099493e-01 3.304172771085557088e+02
7.090000000000000000e+02 1.507125948170963126e-01 -1.182475409544757827e+00 3.343316351777507975e+02
7.100000000000000000e+02 5.854741177570133015e-01 -8.587030503507215862e-01 3.495640969590505733e+02
7.110000000000000000e+02 1.514679697048786133e+00 -1.169262567480626291e+00 3.382213299836102465e+02
7.120000000000000000e+02 2.290124545791020427e+00 -8.325014992431891692e-01 3.211324527532802904e+02
7.130000000000000000e+02 3.031414197523715437e+00 -8.029457078290472838e-01 3.090403575260076536e+02
7.140000000000000000e+02 3.692285166430934851e+00 -6.713579399574360895e-01 3.119733339876446507e+02
7.150000000000000000e+02 -3.534207607023727160e+00 -3.817213606133758041e-01 3.559905510727232922e+02
7.160000000000000000e+02 -2.849091067657373966e+00 -4.429562383836100348e-01 3.493990047255327340e+02
7.170000000000000000e+02 -2.321449375088699973e+00 -5.439993600406261010e-01 3.435245797584596517e+02
7.180000000000000000e+02 -1.238633450309085227e+00 -9.474412520968122919e-02 3.289054764725905784e+02
7.190000000000000000e+02 -8.161719239853261199e-01 -4.155946168971503818e-01 3.129521638070875156e+02
7.200000000000000000e+02 -3.125526762226483735e-01 -3.885309403675333839e-01 3.026786398834551619e+02
7.210000000000000000e+02 9.200084031330872936e-01 -5.475833350615265660e-01 3.230364103624892778e+02
7.220000000000000000e+02 1.408096680499383746e+00 -3.195550213000833972e-01 3.137620508327346442e+02
7.230000000000000000e+02 1.877489186362893747e+00 -1.481066952622619448e-01 3.458892667291376029e+02
7.240000000000000000e+02 3.260058215235638102e+00 -4.588770812325202453e-01 3.387939615532031326e+02
7.250000000000000000e+02 3.774568247441448587e+00 -4.612153693933557230e-01 3.373936697886545630e+02
7.260000000000000000e+02 -3.948825239117262242e+00 2.939607874450453906e-01 3.309505125577903186e+02
7.270000000000000000e+02 -2.583855681281256977e+00 5.817394339182372504e-02 3.169945712893677410e+02
7.280000000000000000e+02 -2.260560120919699045e+00 2.760496509913646923e-01 3.014939777983219642e+02
7.290000000000000000e+02 -1.610884742378478673e+00 5.585879947781559052e-01 3.142370521582944320e+02
7.300000000000000000e+02 -6.311307529246008574e-01 6.345042959903249846e-01 3.393586714629881840e+02
7.310000000000000000e+02 3.071752627913103550e-01 2.255667468731946124e-01 3.512206274085665427e+02
7.320000000000000000e+02 4.952310946233342559e-01 2.143450820642148202e-01 3.539121103513457456e+02
7.330000000000000000e+02 1.452574477480473636e+00 3.625097436826629771e-01 3.014732505291369193e+02
7.340000000000000000e+02 2.496429604283417092e+00 6.231776433610207722e-01 3.165208723736733987e+02
7.350000000000000000e+02 3.092025068820103861e+00 3.332054668423982680e-01 3.415613129027421451e+02
7.360000000000000000e+02 3.316469879164336110e+00 3.528589982045229889e-01 3.263691747937330661e+02
7.370000000000000000e+02 -3.950653093229938850e+00 7.042170948800156038e-01 3.448186178961713608e+02
7.380000000000000000e+02 -2.810090871490912523e+00 1.330805694892610802e+00 3.026399243129358183e+02
7.390000000000000000e+02 -2.507227515969696174e+00 1.008062528025383209e+00 3.307321355344513449e+02
7.400000000000000000e+02 -1.246334468514076033e+00 1.156080257689160007e+00 3.113272409714548985e+02
7.410000000000000000e+02 -6.652521753902871371e-01 1.279144857948606440e+00 3.187164665021298333e+02
7.420000000000000000e+02 -3.064585902979326537e-01 1.143902860151920553e+00 3.072393886108620222e+02
7.430000000000000000e+02 7.952873437671568180e-01 1.013198991607127120e+00 3.290503366815602817e+02
7.440000000000000000e+02 1.692848950163965638e+00 1.326185672298072937e+00 3.168878744512784920e+02
7.450000000000000000e+02 2.019581717287926459e+00 1.155085172668939286e+00 3.375757169202556156e+02
7.460000000000000000e+02 3.040981394033903662e+00 7.507642832951969547e-01 3.218647126847160393e+02
7.470000000000000000e+02 3.683693605774900792e+00 8.199185233064409939e-01 3.450981356868563807e+02
7.480000000000000000e+02 -3.574865238675852819e+00 1.431011422727114457e+00 3.487416872361069409e+02
7.490000000000000000e+02 -2.936252424776554903e+00 1.942328942635592970e+00 3.369486976259572657e+02
7.500000000000000000e+02 -2.437473375790412788e+00 1.687614002404357993e+00 3.051502783803242664e+02
7.510000000000000000e+02 -1.304009639196814785e+00 1.919205206569579936e+00 3.406954045757096878e+02
7.520000000000000000e+02 -5.547397553695039285e-01 1.909231071232702082e+00 3.296931153165568276e+02
7.530000000000000000e+02 -1.053155122973454261e-01 1.721540008796563104e+00 3.160201385704847894e+02
7.540000000000000000e+02 6.149716361246480023e-01 1.652292800112559856e+00 3.452123325330289276e+02
7.550000000000000000e+02 1.489940534923948956e+00 1.490538314051433666e+00 3.376450804499799574e+02
7.560000000000000000e+02 2.286836446677634971e+00 1.910298565786365366e+00 3.415891848000597406e+02
7.570000000000000000e+02 2.886922403164841722e+00 1.983619668256332291e+00 3.096500107770436330e+02
7.580000000000000000e+02 3.299324018449588447e+00 1.401948717650641774e+00 3.374838350437511281e+02
7.590000000000000000e+02 -3.335038352118389504e+00 2.291641608390956097e+00 3.040957542230179911e+02
7.600000000000000000e+02 -2.826084181860924804e+00 2.262060510209743747e+00 3.199374980198801950e+02
7.610000000000000000e+02 -2.079957863691253017e+00 2.196581950167379560e+00 3.268329221226592836e+02
7.620000000000000000e+02 -1.331391018161163453e+00 2.413170915654413218e+00 3.323057391327118353e+02
7.630000000000000000e+02 -7.197818950682746131e-01 2.045972598509505413e+00 3.218691525738975088e+02
7.640000000000000000e+02 1.324610479868043034e-01 2.257996911962256270e+00 3.419568101845957813e+02
7.650000000000000000e+02 9.071986505549769486e-01 2.118484727870488804e+00 3.021322990940944351e+02
7.660000000000000000e+02 1.811831725798297432e+00 2.235301302297820314e+00 3.510931396261506734e+02
7.670000000000000000e+02 1.982974713439162429e+00 2.047779575006166475e+00 3.084927445905969421e+02
7.680000000000000000e+02 2.831416345445524119e+00 2.555953635756649689e+00 3.200181096313108355e+02
7.690000000000000000e+02 3.597100608229175212e+00 2.297595563340504299e+00 3.541811360097417491e+02
7.700000000000000000e+02 -3.300132925506909842e+00 2.938074350120243761e+00 3.221940175085646842e+02
7.710000000000000000e+02 -3.257910143953513415e+00 2.839909753437647844e+00 3.151971003349951843e+02
7.720000000000000000e+02 -1.844702948759532113e+00 3.013726747941537720e+00 3.365276957906715438e+02
7.730000000000000000e+02 -1.131679272606844533e+00 2.750460853999267208e+00 3.221461576308274743e+02
7.740000000000000000e+02 -8.000721143292253146e-01 3.248437010925836699e+00 3.165081587220221877e+02
7.750000000000000000e+02 1.303832547250745599e-01 3.200532425395421932e+00 3.301764903668986335e+02
7.760000000000000000e+02 5.835735592261770410e-01 3.176792347586251175e+00 3.328928246530489332e+02
7.770000000000000000e+02 1.237343717614233451e+00 3.175114255176530786e+00 3.200953955254512948e+02
7.780000000000000000e+02 2.050901423389252187e+00 2.788391279462174133e+00 3.209359207874762205e+02
7.790000000000000000e+02 2.724588360061395154e+00 2.713976540571522822e+00 3.519113143623639530e+02
7.800000000000000000e+02 3.339840244692453108e+00 3.237280757763365990e+00 3.032975624245748349e+02
7.810000000000000000e+02 -3.338775530658832480e+00 3.496253742698137490e+00 3.159029955154337017e+02
7.820000000000000000e+02 -2.805329173652559849e+00 3.453450328688739912e+00 3.417237963126249838e+02
7.830000000000000000e+02 -2.148483122116668476e+00 3.388153169783308716e+00 3.591633906628047725e+02
7.840000000000000000e+02 -1.483355187580903900e+00 3.745183980491709530e+00 3.048644714957692372e+02
7.850000000000000000e+02 -3.878039523393541632e-01 3.670992817732743774e+00 3.334962405635072855e+02
7.860000000000000000e+02 -1.049162312832238042e-01 3.988636272476915323e+00 3.464586048209793603e+02
7.870000000000000000e+02 9.951430255939073266e-01 3.822232281306432444e+00 3.137274965413914742e+02
7.880000000000000000e+02 1.744743166897688713e+00 3.736672151034795775e+00 3.342627030675754440e+02
7.890000000000000000e+02 2.502534735725599369e+00 3.937786904709464686e+00 3.067980992223494354e+02
7.900000000000000000e+02 2.662572023056675175e+00 3.902421940824338797e+00 3.348485388900510884e+02
7.910000000000000000e+02 3.491080359952178025e+00 3.711410308458533702e+00 3.444160851469569593e+02
